
10
100260
100261
100266
100276
100279
100288
100289
100291
100292
100293
100297
100319
100320
100336
100337
100339
100340
100341
100345
100346
100347
1003471
100348
100349
100350
100351
100356
100357
100361
100362
100367
100370
100383
100384
1004105
1004361
1004380
1004398
1004407
1008918
1008920
1009014
1009066
1009081
1009204
1009232
1009234
1009242
1009253
1009259
1009260
1009289
1009348
1009349
1009358
1009442
1009467
1009579
1009580
1009581
1009610
1009611
1009612
1009613
1009614
1009619
1009620
1009625
1009636
1009643
1009646
1009647
1010818
1011174
1015569
1015570
1019754
1019755
1020008
1020019
1020082
1020088
1020098
1020278
1020472
1020522
1020529
1020574
1020575
1020576
1020577
1020585
1020592
1020595
1020597
1020607
1020616
1020643
1020644
1020671
1020681
1020682
1020683
1020686
1020691
1020693
1020694
1020695
1020697
1020699
1020705
1021208
1021217
1021242
1021246
1021272
1021333
1021339
1021342
1021344
1021352
1021355
1021370
1021374
1021381
1021386
1021460
1021465
1021468
1021473
1021482
1021507
1021517
1021522
1021540
1021547
1021597
1021617
1021619
1021623
1021630
1021631
1021632
1021646
1025590
1026865
1031058
1031060
1031061
1031062
1031063
1031064
1031066
1031069
1031073
1031075
1031098
1031176
1031202
1031246
1031299
1031306
1031310
1031311
1031319
1031372
1031373
1031387
1031428
1031429
1031446
1031470
1031531
1031544
1031545
1031546
1031565
1031568
1031569
1032491
1036748
1037717
1037823
1038195
1039205
1039288
1039884
1039885
1039903
1039904
1039905
1044945
1045055
1045114
1045115
1045134
104514
1045169
1045172
1045188
1045190
1045197
1045198
1045209
1045226
1045355
1045362
1045366
1045461
1045523
1045570
1045664
1045665
1045666
1045668
1045669
1045670
1045672
1045673
1045674
1045675
1045676
1045677
1045678
1045679
1046048
1046256
1047914
1048028
1049365
1049672
104975
105330
1053946
1053986
1053987
1053989
1053992
1053995
1053996
1053997
1053999
1054002
1054009
1054014
1054016
1054020
1054029
1054036
1054041
1054042
1054043
1054046
1054052
1054056
1054084
1054120
1054121
1054122
1054123
1054124
1054125
1054126
1054127
1054128
1054129
1054130
1056734
1056816
1056904
1056946
1056954
1056962
1056983
1056993
1057108
1057109
1057110
1057114
1057135
1057160
1057166
1057172
1057173
1057175
1057179
1057196
1057198
1057200
1057202
1057223
1057248
1057265
1057277
1057278
1057279
1057343
1057348
1057356
1057420
1057450
1057452
1057477
1058505
1058506
1058574
1058667
1058757
1058771
1058773
1058782
1058783
1058785
1058786
1058792
1058793
1058794
1058797
1058798
1058800
1058801
1058802
1058803
1058807
1058809
1058817
1058818
1058825
1058828
1058829
1058836
1058888
1058890
1058897
1058934
1059029
105906
1060563
1060667
1060750
1060791
1060878
1060964
1060978
1061007
1061038
1061082
1061108
1061120
1061125
1061128
1061130
1061136
1061138
1061139
1061140
1061142
1061144
1061147
1061152
1061177
1061184
1061192
1061193
1061292
1061318
1061338
1061414
1061440
1061472
1061479
1061489
1061490
1061494
1061520
1061617
1061620
1061621
1061640
1061641
1061653
106592
1066658
1066719
1069479
1073029
1075615
1075715
1075744
1077618
1079919
1080433
1081186
1081260
1081977
1082001
1082042
1082055
1082076
1082083
1082136
1082150
1082208
1082219
1082375
1082416
1082430
1082452
1082455
1082466
1082467
1082468
1082470
1082471
1082472
1082475
1082477
1082505
1082530
1082531
1082553
1082558
1082568
1082620
1082621
1082629
1082630
1084827
1084835
1084854
1084929
1084938
1084960
1084963
1084965
1084967
1084969
1084995
1085000
1085013
1085020
1085021
1085027
1085036
1085054
1085055
1085056
1085068
1085069
1085071
1085072
1085073
1085074
1085076
1085077
1085081
1085200
1085214
1085241
1085297
1085452
1086807
1088786
1089040
1093669
109469
1096032
1097983
1099190
1099236
1099239
1099245
1099364
1099745
1099746
1099747
1099748
1099749
1099750
1099751
1099752
1099753
1099754
1099755
1099756
1099757
1099758
1099759
1099760
1099761
1099762
1099763
1099764
1099765
1099766
1099767
1099768
1099769
1099770
1099771
1099772
1106220
1106236
1106307
1106379
1106380
1106387
1106388
1106525
1106625
1106689
1106691
1106692
1106693
1106694
1106695
1106696
1106697
1106698
1106699
1106700
1106701
1106702
1106703
1106704
1106705
1106706
1106707
1106708
1106709
1106710
1106711
1106712
1106713
1107878
1108621
1108640
1108691
1108701
1108717
1108722
1108724
1108784
1108813
1108848
1108851
1108863
1108875
1108895
1108943
1108968
1108970
1108971
1108972
1108973
1109159
1109214
1109230
1109236
1109244
1109245
1109248
1109249
1109325
1109468
1109469
1109470
1109471
1109500
1112048
1112081
1112093
1112095
1112097
1112101
1112111
1112113
1112114
1112154
1112183
1112219
1112238
1112262
1112297
1112334
1112396
1112429
1112445
1112491
1112492
1112496
1112714
1112717
1112726
1112729
1112734
1112747
1112772
1112784
1112786
1112789
1112803
1115198
1115282
111666
1117145
1117684
1117685
1117686
1117687
1117688
1117689
1117690
1117691
1117692
1119121
1119125
1119156
1119170
1119198
1119237
1119240
1119255
1119260
1119272
1119286
1119296
1119300
1119311
1119319
1119325
1119331
1119332
1119335
1119336
1119337
1119345
1119375
1119377
1119395
1119402
1119423
1119449
1119465
1119471
1119518
1119567
1119573
1119774
1119789
1119790
1119793
1119795
1119799
1119813
1119818
1119819
1119824
1119831
1119837
1119866
1119868
1119869
1119880
1119881
1119885
1119945
1119949
1119952
1119958
1119997
1120012
1120021
1120023
1120044
1120050
1120062
1120063
1120066
1120068
1120073
1120105
1120146
1120253
1120361
1120415
1121167
1121169
1121171
1121192
1121202
1121211
1121216
1121262
1121263
1121279
1121294
1121307
1121344
1121346
1121357
1121359
1121411
1121414
1121415
1121416
1121417
1121418
1121419
1121420
1121421
1121453
1121456
1121457
1121477
1121479
1121489
1121492
1121540
1124535
1126131
1126728
1127643
1128848
1129032
1129075
1129152
1129180
1129184
1129188
1129201
1129205
1129206
1129221
1129223
1129224
1129227
1129230
1129244
1129337
1129389
1129392
1129393
1129394
1129397
1129398
1129400
1129401
1129402
1129404
1129430
1129446
1129482
1129492
1129509
1129517
1134125
1135510
1135814
1135820
1135823
1135824
1135851
1135855
1135856
1135861
1135863
1135865
1135873
1135903
1135910
1135911
1135912
1135915
1135919
1135920
1135921
1135922
1135923
1135935
1135936
1135939
1135940
1135941
1135949
1135953
1135955
1135957
1135958
1135963
1135976
1136057
1136058
1136061
1136062
1136063
1136067
1136068
1136069
1136070
1136079
1136082
1136083
1136084
1136085
1136087
1136089
1136094
1136095
1136097
1136099
1136100
1136104
1136105
1136111
1136113
1136114
1136126
1136129
1136157
1136176
1136191
1136192
1136205
1137677
1138118
1138520
1138857
1139593
114
1142852
1143104
1143660
1145041
1148039
1148040
1148041
1148043
1148044
1148050
1148052
1148054
1148055
1148056
1148057
1148058
1148059
1148060
1148061
1148062
1148063
1148102
1148106
1148107
1148109
1148117
1148118
1148119
1148129
1148130
1148137
1148138
1148139
1148140
1148141
1148142
1148143
1148144
1148145
1148184
1148187
1148188
1148192
1148197
1148199
1148206
1148208
1148210
1148211
1148213
1148214
1148215
1148216
1148217
1148219
1148221
1148222
1148223
1148224
1148225
1148226
1148229
1148230
1148233
1148237
1148238
1148239
1148240
1148241
1148380
1148381
1148416
1148424
1148428
1148429
1148436
1148439
1148440
1148441
1148442
1148443
1148444
1148445
1148449
1148450
1148451
1148452
1148457
1148458
1148459
1148460
1148461
1148462
1148465
1148466
1148467
1148468
1148469
1148470
1148471
1148472
1148473
1148507
1148925
1148966
115
1150650
1150728
1151321
1151322
1151323
1151324
1151325
1151326
1151327
1151334
1151339
1151340
1151341
1151344
1151346
1151352
1151353
1151355
1151356
1151371
1151378
1151426
1151427
1151437
1151441
1151443
1151524
1151594
1151603
1151681
1151686
1151696
1151697
1151758
1151787
115208
1152452
1155170
1155188
1155192
1155195
1155199
1155216
1155236
1155238
1155239
1155240
1155241
1155242
1155246
1155249
1155277
1155309
1155395
1155434
1155435
1155443
1155459
1155497
1155517
1155534
1155535
1155537
1155585
1155598
1155602
1155606
1155613
1155635
1155637
1157834
1157837
1157840
1157843
1157852
1157858
1157860
1157863
1157867
1157881
1157886
1157887
1157888
1157900
1157910
1157915
1157934
1157940
1157948
1157953
1157954
1157958
1157959
1157960
1157961
1157973
1157983
1157985
1157992
1158006
1158007
1158008
1158012
1161208
1164245
1165671
1165690
1165693
1166043
1166754
1168972
1168984
1168991
1168998
1169003
1169004
1169007
1169008
1169010
1169011
1169012
1169013
1169035
1169055
1169073
1169074
1169094
1169110
1169124
1169150
1169167
1169168
1169177
1169188
1169189
1169196
1169203
1169204
1169206
1169270
1169291
1169299
1169383
117
1170024
1170025
1170026
1170027
1170028
1170029
1170030
1170045
1170048
1170060
1170061
1170062
1170063
1170081
1170083
1170101
1170115
1170118
1170191
1170227
1170275
1170276
1170302
1170373
1170374
1170401
1170455
1170456
1170598
1170599
1170600
1170612
1170613
1171276
1171535
1177465
1177468
1178329
1183906
1185923
1186118
1191352
119198
119199
1192002
1192004
119201
119202
1192020
1192022
1192023
1192026
1192028
1192031
1192047
1192048
1192050
1192054
1192057
1192073
1192075
1192080
1192087
1192092
1192093
1192094
1192104
1192106
1192107
1192108
1192109
1192110
1192121
1192125
1192126
1192127
1192132
1192137
1192138
1193897
1196152
1196161
1196178
1196195
1196196
1196197
1196198
1196199
1196200
1196201
1196202
1196203
1196204
1196205
1196206
1196207
1196208
1196209
1196210
1196215
1196231
1196274
1196278
1196350
1196367
1196443
1196444
1196470
1196479
1196509
1196738
1196739
1196758
1197883
1199348
1199417
1199418
1199815
12
1200020
1200067
1200079
1200095
1200103
1200147
1200163
1200177
1200185
1200187
1200199
1200203
1200242
1200257
1200273
1200274
1200283
1200298
1200543
1200566
1200569
1200573
1200597
1200616
1200623
1200625
1200627
1200638
1200643
1200698
1200746
1200749
1200792
1200795
1201805
1201868
1201880
1202433
1205545
1205547
1205549
1205552
1205557
1205559
1205560
1205561
1205567
1205580
1205584
1205597
1205616
1205622
1205649
1205715
1205728
1205754
1205929
1205941
1205953
1205954
1205959
1205969
1205972
1205995
1206020
1206043
1206061
1206063
1206065
1206066
1206067
1206134
1207404
1207412
1207419
1207449
1207478
1207560
1207605
1207618
1207625
1207637
1207664
1207685
1207698
1207712
1207724
1207734
1207735
1207737
1207738
1207747
1207748
1207749
1207752
1207753
1207754
1207762
1207763
1207765
1207767
1207770
1207771
1207777
1207780
1207844
1207992
1208053
1208068
1208113
1208116
1208164
1208169
1208247
1208251
1208252
1208258
1208261
1208317
1208410
1208420
1208467
1208470
1208472
1208473
1208474
1208475
1208476
1208477
1208478
1208479
1208480
1208483
1208640
1208696
1208700
1208729
1208736
1208740
1209448
1209990
1210188
1211207
1211209
1211210
1211211
1211212
1211213
1211214
1211215
1211217
1211218
1211219
1211221
1211222
1211223
1211224
1211225
1211226
1211229
1211230
1211231
1211232
1211235
1211239
1211241
1211242
1211243
1211246
1211248
1211249
1211250
1211252
1211253
1211254
1211361
1211362
1211363
1211364
1211365
1211366
1211367
1211371
1211372
1211373
1211374
1211379
1211381
1211382
1211383
1211384
1211385
1211386
1211387
1211388
1211389
1211391
1211392
1211393
1211394
1211395
1211396
1211397
1211398
1211399
1211400
1211401
1211402
1211432
1211433
1211434
1211435
1211437
1211438
1211439
1211440
1211441
1211442
1211443
1211444
1211445
1211446
1211449
1211450
1211451
1211452
1211453
1211454
1211455
1211456
1211457
1211458
1211459
1211460
1211461
1211462
1211463
1211464
1211465
1211466
1211467
1211500
1211502
1211503
1211504
1211505
1211506
1211507
1211508
1211509
1211510
1211512
1211515
1211516
1211517
1211518
1211519
1211520
1211521
1211522
1211523
1211524
1211525
1211526
1211528
1211530
1211531
1211532
1211533
1211534
1211535
1211536
1211537
1211539
1211746
1211747
1211750
1211751
1211752
1211754
1211756
1211757
1211758
1211760
1211761
1211762
1211763
1211764
1211767
1211770
1211771
1211772
1211773
1211774
1211775
1211777
1211779
1211780
1211781
1211782
1211783
1211784
1211785
1211786
1211788
1211792
1211795
1211797
1211799
1211800
1211801
1211802
1211803
1211805
1211806
1211807
1211808
1211809
1211810
1211811
1211812
1211813
1211814
1211815
1211816
1211817
1211818
1211819
1211820
1211821
1211822
1211823
1211824
1211826
1211827
1211828
1211832
1211834
1211835
1211836
1212284
1212285
1212287
1212288
1212289
1212290
1212291
1212292
1212293
1212294
1212295
1212296
1212297
1212299
1212300
1212301
1212302
1212303
1212304
1212305
1212306
1212313
1212316
1212320
1212321
1212324
1212325
1212326
1212327
1212328
1212329
1212330
1212331
1212762
1212763
1212766
1212767
1212779
1212780
1212781
1212783
1212788
1212809
1212815
1212826
1212850
1212852
1212854
1212915
1212955
1212988
1213055
1213069
1213070
1213091
1213092
1213095
1213101
1213102
1213108
1213132
1213151
1213171
1213173
1213244
1213277
1217274
1218365
1218982
1219318
1219406
12195
1219633
1219719
1219736
1219803
1219981
1220014
1220035
1220117
1220118
1220163
1220164
1220221
1220223
1220234
1220237
1220238
1220239
1220255
1220257
1220265
1220266
1220267
1220269
1220272
1220273
1220275
1220276
1220277
1220278
1220280
1220281
1220282
1220283
1220285
1220286
1220288
1220289
1220606
1220635
1220860
1221986
1222314
1222332
1222334
1222335
1222336
1222363
1222367
1222368
1222388
1222389
1222390
1222393
1222405
1222457
1222492
1222579
1222603
1222604
1222614
1222616
1222617
1222618
1222630
1222640
1222691
1222703
1222710
1222713
1222811
1222831
1222833
1222846
1222860
1222861
1223329
1223348
1223392
1223437
1223509
1223815
1223819
1224086
1224087
1224135
1224241
1224271
1224272
1224273
1224274
1224275
1224276
12243
1224317
1224333
1224345
1224347
1224348
1224349
1224352
1224401
1224403
1224405
1224413
1224414
1224417
1224439
1224443
1224444
1224449
1224450
1224451
1224453
1224481
12248
12250
1225224
1225457
1225708
1225873
1225933
1226161
1226199
1226209
1226219
1226221
1226246
1226247
1226248
1226249
1226320
1226420
1226457
1226464
1226496
1226497
1226498
1226500
1226501
1226505
1226507
1226512
1226513
1226514
1226582
1226622
1226623
1226908
1226911
1226912
1226928
1226930
1226932
1226936
1226938
1226939
1231974
1232196
1233196
1234350
1234352
1234354
1234355
12344
1234401
1234402
1234403
1234404
1234405
1234406
1234407
1234408
1234409
1234410
1234411
1234412
1234413
1234414
1234415
1234433
1234446
1234454
1234456
1234660
1234688
1234692
1234699
1234706
1234711
1234712
1234745
1234746
1234751
12348
1235032
12354
1235421
1235430
12355
123740
12386
12387
1240077
12403
124074
12409
124141
12415
12424
1243104
12434
1243404
12441
12446
12458
12464
12518
12539
12541
12544
12545
12550
12556
12557
12558
12560
12561
12562
12587
126109
12652
126557
126566
126568
126573
126574
126592
126622
126630
126863
126928
127015
127021
127032
127050
127062
127116
127121
127123
127160
127209
127366
127393
127394
127408
127423
127425
127436
127510
127549
127550
127553
127623
128642
130579
131888
131970
133761
133813
133816
135401
139314
141913
141939
141968
141983
141985
141987
141989
142004
142089
142378
142379
142380
142381
142629
142657
142666
142684
142691
142693
142698
142702
142725
142727
142733
143138
143182
143183
143193
143194
143255
143257
143283
143287
143290
143316
144
144630
146595
149
154
155183
155370
155448
155504
155527
155533
155554
155556
155559
155560
155561
155564
155567
155570
155571
155572
155581
155587
155590
155597
155600
155603
155607
155608
155609
155611
155620
155632
155636
155640
155643
155644
155647
155652
155682
157212
160166
160170
160179
160201
160202
160222
160226
160263
160273
160274
160290
160323
160324
160349
160393
160394
160395
160396
160397
160408
160409
160410
160412
160413
160420
160425
160430
160431
160432
160433
160434
160435
160436
160785
160797
160798
160809
160811
160825
160827
160829
160838
160909
160943
160946
160952
160953
160957
160985
161002
161022
161025
161043
161048
161049
161131
161134
161137
161146
161163
161176
161197
161225
161238
161361
161588
161853
161983
161988
162003
162019
162020
162022
162036
162044
162114
162124
162130
162153
162154
162158
162238
162239
162241
162293
162295
162316
162332
162347
162369
162390
162423
162453
162454
162479
162509
162577
162583
162584
162593
162661
162686
162692
162777
162778
162780
162782
162846
162850
162857
162992
163079
163081
163082
163118
163139
163140
163142
163148
163150
163176
163185
163191
163195
163212
163271
163301
163358
163412
163437
163439
163458
163464
163562
167554
167558
167568
167686
167687
167690
167694
167695
167698
167704
167750
167811
167955
168067
168069
168071
168096
168108
168170
168253
168254
168338
168577
168798
168816
168837
168839
168844
168848
168851
168857
168868
168881
168882
168884
168892
16925
172408
172612
172899
173433
173466
173509
173570
17471
175
177
179
180836
184
184766
184767
186
187
188997
188998
188999
189
189256
189263
189272
189311
189312
189320
189321
189322
189343
189348
189703
189721
189723
189745
189791
189830
189863
189867
189909
189911
189939
189940
189941
189943
189947
189957
189963
189970
189971
190025
190044
190058
190064
190371
194
195026
195028
195050
195051
195090
195102
195115
195117
195118
195119
195121
195124
195129
195130
195136
195138
195140
195141
195147
195150
195152
195156
195157
195163
195168
195186
195231
195279
195280
195285
195416
195417
195466
196036
196144
197
19950
19951
19954
19958
19964
19967
19968
19970
19980
200
20022
20024
20112
20113
20118
20127
20136
20138
20150
20228
20231
20234
20237
20241
20279
20340
20361
20386
204653
204659
204681
204720
204735
204737
204740
204743
204745
204764
204765
20502
205154
205205
205211
205215
205231
205331
205341
205343
205344
205346
205360
205392
205400
205401
205465
205468
205469
205470
205471
205472
205477
205479
205841
205978
206263
206366
206595
206612
206613
206615
206619
206620
206624
206626
206628
206629
206630
206635
206644
206655
206684
206778
206826
206834
206837
206839
206847
206848
206888
206889
206890
206891
206892
206893
206894
206895
20696
207039
20706
20711
20726
20737
207488
214697
215
215457
21672
217511
218624
222120
222251
223185
223186
223187
223206
223226
223227
223228
223235
223238
223239
223242
223243
223244
223245
223250
223251
223257
223261
223268
223270
223271
223276
223280
223283
223285
223286
223290
223293
223302
223305
223310
223311
223313
22562
226039
226094
226103
226119
226203
226231
226284
226301
22631
226327
226328
226333
226334
226406
226420
226421
22645
226450
226462
226463
226465
226484
226488
226538
226541
226555
226562
226568
226570
226593
226601
226604
226638
226649
226650
226654
226749
226762
226778
22731
227366
227387
227405
22742
227525
227528
227530
227537
227550
227553
227582
227598
227606
227609
227618
227630
227639
227640
227703
227704
227761
227765
227766
227770
227777
227822
227831
227841
227847
227903
228015
228017
228019
228020
22948
229837
229864
23
230035
230068
230109
230116
230155
230201
230264
230317
230370
230400
230406
23054
23055
230751
23077
23081
231673
231707
23216
23234
23239
23240
233340
23363
235944
23620
23628
23632
23639
23642
236657
23828
23833
238530
238574
238594
238648
238663
238664
238672
238678
238683
238728
238729
238730
238731
238732
238733
238734
238735
238736
238764
238811
238831
238855
238911
238926
239007
239008
239019
239039
239088
23911
239140
23915
239165
239193
239210
23923
23925
23929
23931
23935
23936
23937
23964
23965
23967
23993
24004
24011
24017
24035
24036
24040
24042
24045
24046
24064
24075
24077
24102
24104
24110
24111
24128
24286
24288
24297
24303
24304
24305
24306
24308
24310
24311
24312
24313
24314
24315
244498
244499
244500
244569
244894
246904
247616
247663
249063
249128
250486
250487
250488
250491
250656
250700
250751
250788
250816
250839
25759
25760
25761
25762
25763
25765
25766
25767
25769
25770
25771
25772
25774
25776
25777
25780
25784
25785
25786
25787
25788
25790
25797
25808
25812
25814
25815
25829
25831
25832
25862
25896
25907
265457
268408
268409
268422
268425
268434
268437
268451
268620
268936
268949
268950
268951
268952
268953
268954
268955
268956
268957
268958
268959
268960
268961
268962
268963
268964
268965
268966
268967
268968
268969
268970
268971
268972
270755
271254
273
275
27565
27629
27646
27685
27697
27717
27722
27727
27747
27753
27754
27755
27764
277808
277815
277822
277874
277877
277890
277891
277892
27793
278055
27812
278135
278137
278138
278139
27820
278259
278317
278402
278407
278451
278599
278601
278602
278603
278626
278627
278628
278629
278677
278684
278694
278698
278709
278717
278720
278721
27901
279047
27942
280370
28059
28074
28112
28115
28116
28117
28120
28121
281274
281294
281340
28216
28257
28258
28261
28272
28283
28325
284632
284633
284634
284638
284725
284728
284730
284736
284773
284777
284778
284784
284785
284788
284827
284840
284841
284855
284870
284876
284882
284891
284899
284900
284952
284956
284959
284986
284991
285000
285003
285005
285007
286810
286811
286812
286813
286814
286815
286816
286817
286818
286819
286820
286821
286857
286858
286859
286860
286861
286862
287965
288020
288024
288278
288340
288371
288391
288426
288443
288453
288469
288475
288482
288483
288484
288490
288501
288502
288507
288514
288530
288533
288539
288540
288543
288549
288554
288561
288563
288567
288573
288574
288595
288631
288637
288656
288793
288884
288891
288903
288912
288927
288934
288940
288942
288957
288986
288987
288990
288998
289011
289038
289041
289052
289061
289065
289095
289099
289171
289188
289195
289196
289214
289219
289226
289231
289239
289271
289295
289298
289453
289484
289497
289511
289515
289537
289576
289577
289596
289763
289772
289785
289791
289803
289804
289815
289828
289835
289844
289846
289867
289868
289870
289873
289877
289884
290029
290052
290093
290106
290144
290201
290215
290359
290362
290363
290368
290417
290468
290470
290473
290480
290483
290490
290496
290507
290520
290532
290533
290535
290538
290544
290547
290551
290557
290559
290572
290573
290583
290592
290593
290594
290595
290596
290597
290598
298639
298647
298654
298679
298795
298906
298955
298967
298969
299211
299212
299343
299426
299429
299465
299469
299476
299500
299606
299640
299676
299677
299678
299679
299705
299735
299751
299775
299790
299828
300072
300151
300159
300979
302269
303202
303982
304033
304600
304601
304602
304603
304604
304718
304971
305179
305212
305215
305220
305221
305232
305238
305239
305262
305277
305295
305296
305299
305418
305438
305439
305498
305503
305554
305555
305556
305557
305558
305559
305560
305561
305562
305563
305564
305565
305566
305567
305568
305569
306888
306910
306920
306937
306970
306973
307021
307027
307039
307074
307075
307078
307099
307123
307221
307230
307237
307238
307244
307253
307283
307291
307303
307305
307306
307307
307309
307310
307326
307330
307361
307402
307413
308032
308033
308034
308513
30891
309050
312200
31242
31253
312559
312779
314117
314126
314127
314128
314129
315569
315880
317234
317243
317245
317246
317247
317269
317270
317271
317272
317273
317300
317311
317312
317313
317316
317331
317332
317334
317335
317336
317337
317339
317340
317341
317342
317343
317345
317346
317347
317349
317353
317355
317356
317472
317473
317474
317475
317476
317477
317478
317479
317488
317489
317490
317491
317493
317494
317495
317498
317499
317500
317501
317503
317505
317507
317508
317509
317510
317511
317517
317530
317536
317537
317563
317573
317576
318066
31959
319627
325213
325216
325217
325218
325222
325224
325225
325226
325227
325228
325229
325236
325237
325238
325241
325244
325266
325271
325345
325350
325360
325363
325367
325381
325382
325384
325385
325386
325387
325414
325444
325473
325475
330016
332271
333625
333628
33425
33527
335456
33584
336397
33691
339065
339067
339069
339070
339072
339073
339074
339076
339077
339158
339185
339354
339453
339454
339455
339456
339457
339458
339459
339460
339461
339474
339499
339504
339508
339509
339511
339534
339580
339583
339600
339658
339693
340060
340091
340098
340102
340114
340157
340168
340183
340185
340188
340189
340259
340303
340323
340325
340365
340366
340367
340400
340404
340433
340495
340511
340542
340552
340570
340589
340596
340609
340610
340618
340623
340634
340956
343118
343135
344789
345953
346714
347565
348744
349143
351324
351335
353129
354721
355321
357312
357336
357413
357434
357435
357539
357599
357606
357612
357614
357746
357747
357748
357749
357750
357839
357956
357980
358006
358077
358087
358186
358198
358200
358248
358258
358314
358383
358411
358495
358597
358786
358795
358815
358817
360118
360133
360451
361421
361426
363032
363519
363769
364473
364510
364511
364512
364514
364515
364519
364522
364524
364525
364526
364527
364528
364530
364533
364535
364536
364537
364538
364541
364547
364548
364549
364550
364551
364606
364682
364968
364974
365250
365342
365344
365351
365600
365601
365607
365608
365614
365632
365638
365639
365641
365645
365646
365647
365648
365649
365650
365651
365652
365653
365654
365655
365656
365657
365658
365659
365660
365662
365663
365665
365667
365668
365883
365896
365949
366002
367242
367312
368426
368431
368432
368483
368501
368512
368528
368534
368594
368718
368724
368769
368771
368772
368777
368780
368788
368789
368790
368791
368792
368802
368807
368831
368852
368969
369157
369162
369167
369169
369182
369196
369251
369385
369388
369398
369416
369435
369453
369462
369474
369507
369520
369529
369532
369533
369545
369555
369599
369613
369614
369620
369645
369648
369653
369666
369698
369701
369959
369961
369979
369984
370013
370014
370018
370019
371164
371174
371196
371206
371210
371212
371231
371233
371235
371261
371266
371274
371275
371277
371278
371279
371300
371310
371311
371312
371388
371389
371397
371407
371417
371420
371466
371549
371570
371663
371664
371694
371708
371722
371775
373293
374912
374913
374914
374919
374949
374950
374955
374956
374986
374991
375000
375001
375036
375041
375042
375057
375064
375083
375136
375302
375323
375345
375392
375397
375415
375417
375418
375419
375420
375441
375445
375449
375461
376735
376945
376963
376976
377011
377024
377025
377029
377031
377032
377039
377040
377047
377066
377068
377069
377072
377074
377077
377080
377081
377082
377084
377085
377086
377087
377089
377090
377097
377098
377103
377106
377108
377109
377111
377256
377357
377400
377441
377485
377568
377579
377595
377604
377611
377616
377625
377786
377787
377788
377789
377790
377791
377792
377793
377794
377795
377796
377797
377798
377799
377800
377801
377803
377992
378015
378016
378050
378051
378052
378301
378877
380389
380392
380393
380394
380395
380396
380397
380399
380401
380402
380403
380405
380406
380407
380408
380409
380410
380411
380412
380413
380414
380415
380416
380417
380419
380422
380423
380424
380426
380427
380428
380429
380430
380433
380435
380438
380439
380441
380442
380443
380444
380445
380446
380447
380448
380449
380450
380451
380452
380453
380454
380455
380456
380457
380458
380459
380460
380461
380462
380463
380464
380465
380466
380467
380468
380470
380487
380488
380489
380490
380491
380492
380493
380494
380495
380496
380497
380498
380499
380500
380501
380502
380503
380504
380505
380506
380507
380508
380509
380510
380511
380512
380513
380514
380515
380516
380517
380519
380520
380534
380536
380537
380538
380539
380540
380542
380543
380544
380545
380546
380548
380549
380551
380552
380553
380554
380555
380556
380557
380558
380559
380560
380561
380562
380563
380564
380565
380566
380567
380568
380569
380570
380602
380606
380607
380608
380610
380611
380613
380615
380616
380618
380619
380621
380622
380623
380624
380625
380626
380627
380628
380629
380630
380631
380632
380635
380636
380637
380638
380639
380640
380641
380642
380643
380644
380649
380652
380653
380654
380655
380656
380657
380659
380660
380661
380662
380664
380666
380667
380669
380670
380671
380672
380673
380674
380675
380677
380678
380679
380680
380681
380682
380684
380685
380686
380687
380690
380693
380927
380929
380930
380931
380932
380933
380934
380936
380937
380938
380942
380943
380944
380946
380947
380948
380949
380950
380951
380952
380953
380956
380957
380958
380959
380960
380962
380963
380966
380967
380968
380970
380971
381134
381136
381137
381138
381139
381141
381142
381143
381144
381145
381146
381147
381148
381149
381150
381151
381152
381153
381155
381156
381157
381159
381161
381162
381163
381164
381165
381166
381167
381168
381169
381170
381172
381790
381791
381794
381795
381796
381797
381798
381799
381800
381801
381803
381804
381806
381807
381808
381810
381811
381813
381814
381816
381817
381818
381819
381820
381821
381822
381824
381825
381826
381827
381828
381829
381830
381920
381921
381922
381923
381925
381926
381928
381929
381930
381931
381932
381933
381934
381935
381937
381938
381939
381940
381942
381943
381944
381945
381947
381948
381949
381950
381951
381952
381953
381954
381955
381956
381957
382648
38332
386882
388314
388628
388650
388756
388862
389003
389051
389061
389073
389089
389140
389149
389188
389260
389329
389331
389376
389391
389396
389402
389415
389416
389435
389467
389470
389491
389494
389495
389504
389505
389506
389507
389509
389510
389511
389525
389529
389530
389533
389534
389538
389540
389541
389543
389873
389909
390009
390484
391351
39181
391931
391938
391943
391944
391958
391979
391986
391988
391991
391993
392030
392064
392067
392071
392073
392077
392080
392083
392085
392087
392090
392091
392093
392100
392103
392252
392278
392279
392284
392323
392324
392326
392327
392329
392625
392685
392797
39295
39305
393145
393280
393301
393302
393395
393420
393539
393544
393624
393625
393666
393675
393684
393685
393688
393696
393697
393700
393738
393743
393752
393756
393781
393784
393785
393788
393831
393869
393886
393896
393910
393941
393962
393963
39423
39426
39429
394461
394537
394540
394550
394551
394712
394716
394731
394822
394823
394848
394893
394897
394914
394923
394978
395125
395256
395262
395266
395287
395327
395393
395426
395430
395486
395558
395559
395560
395581
395583
395616
395617
395829
397602
397810
398192
399619
400717
400722
400739
400752
400753
400800
400864
400870
400882
400903
400913
400922
400927
400933
400935
400938
400939
400941
401059
401094
401125
401127
401134
401135
401158
401159
401171
401172
401173
401174
401175
401176
401177
401385
403521
403528
403566
403567
403568
403570
403571
403573
403574
403576
403612
403613
403614
403615
403616
403617
403618
403619
403620
403621
403622
403623
403624
403625
403626
403627
403628
403629
403643
403649
403671
403686
403876
403877
403884
404457
411852
412240
412253
412255
412263
412270
412271
412637
413074
413110
413139
413207
413211
413212
413215
413248
413308
413361
413364
413367
413426
413543
413585
413724
413803
413825
41385
413887
413912
41399
41403
414047
414134
41414
414152
414153
414157
414161
414170
41433
41435
41436
41438
41439
415853
415855
415856
41639
41670
41672
41678
41710
41714
41757
418917
41902
41910
41913
41917
41931
419389
41946
41947
41948
41949
41950
41951
41952
41953
41954
41955
41956
41957
41966
41967
41968
41969
41970
41971
41972
41973
41974
42086
420899
42090
424082
42696
42697
427821
427855
427857
427940
427942
427947
427957
427967
427996
428029
428041
428057
428061
428075
428079
428120
428133
428136
428140
428144
428145
428147
428148
428160
428161
428162
428163
428196
428198
428290
428298
428303
428317
428408
428411
428478
428492
428493
428495
428496
428506
428507
428508
428510
428512
428515
428518
428520
428521
428523
428524
428525
428527
428528
428532
428533
428534
428535
428537
428538
428539
428541
428543
428601
428603
428615
428618
428685
428695
43
430251
430262
430263
430264
430265
430266
430267
430268
430269
430270
430271
430272
430273
430274
430275
430276
430277
430278
430279
430280
430281
430282
430283
430284
430285
430286
430287
430288
430289
430290
430291
430292
430293
432899
435741
437291
438082
438084
438105
438128
438187
438191
438193
438202
438240
438638
438639
438642
438650
438774
438775
438776
438785
438796
438802
438812
438939
439189
439196
439202
439206
439216
439435
439441
439448
439458
439463
439464
439473
439510
439567
439642
439648
439658
439659
439680
439689
439701
439710
439712
439721
439759
439771
439894
439904
439905
439907
439911
439912
439913
439914
439915
439916
439917
439918
439942
439943
439952
439956
439957
439958
439959
439960
439961
440018
440792
441316
441384
441410
441411
441412
441416
441418
441419
441428
441433
441436
441437
441456
441463
441464
441465
441473
441493
441500
441507
441523
441548
441564
441842
441906
441941
441956
441958
442123
442124
442192
442221
442224
442237
443228
443734
446770
446779
446780
446785
446796
446799
446800
446801
446828
446896
446934
446936
446942
447005
447018
447182
447183
447184
447187
447189
447192
447197
447201
447209
447214
447215
447403
447449
447492
447500
447506
447713
447714
449043
449183
449189
449201
449204
449214
449225
449230
449249
449293
449354
449369
449371
449373
449384
449386
449392
449401
449409
449423
449454
449460
449463
449464
449465
449468
449470
449480
449481
449483
449484
449485
449496
449545
449714
449718
449724
449728
449731
449780
449788
449789
449790
449791
449801
451823
452720
453123
453124
453125
453127
453138
453143
453156
453176
453186
453187
453240
453243
453545
453633
453691
453805
453806
453876
453889
453891
454707
45506
457122
457276
459102
459103
459252
459291
459354
459458
459460
459461
459473
459474
459475
459496
459497
459510
459511
459513
459514
459515
459522
459527
459532
459533
459534
459535
459536
459537
459540
459545
459561
459569
459571
459574
459575
461275
463449
464332
464362
464363
464364
464368
464369
464371
464379
464380
464385
464395
464406
464409
464417
464419
464437
464488
464490
464571
46461
464621
464630
464631
464632
464633
464634
464635
464636
464637
464676
464678
464806
464809
464810
464820
464941
464944
464947
464951
464952
464972
464992
465014
465016
465027
465029
465059
465072
465105
465213
465215
465255
465272
465273
465274
465275
465277
465278
465343
465355
465356
465404
465406
465418
465426
465427
465458
465472
465501
466679
467234
468025
469661
469673
469674
469676
469678
469679
469680
469681
469682
469683
469695
469698
469711
469737
469739
469760
469763
469775
469777
469778
469783
469791
469793
469799
469813
469827
469831
469838
469842
469844
469845
469846
469947
470340
470342
470343
470345
470346
470348
470350
470374
470397
470400
470440
470449
470451
470452
470454
470456
470458
470461
470462
470468
470495
470499
470676
470713
470715
470716
470718
470832
471146
471147
471151
471198
471200
475319
475999
476915
477616
482878
482946
483025
483129
483424
485202
485224
487766
492725
493081
49315
49401
49656
49705
497245
497383
497411
497426
497452
497488
497497
49750
497500
497503
49751
49752
49754
49755
49757
49758
497585
49759
49762
49763
497638
497639
497640
497642
497647
497658
497719
49772
497721
49775
49777
497790
497936
498157
498159
498218
498296
498303
498378
498383
498387
498393
498396
498402
498404
498458
49852
49876
49877
49988
50024
50033
50040
50045
50049
50111
501311
50137
50138
50168
501683
50199
50218
50219
50220
50261
502806
503033
50305
50321
503306
503403
503788
503945
503960
503965
504027
504044
504068
504070
504084
504088
504135
504136
504174
504183
504197
504201
504202
504211
504214
504293
504304
504352
504380
504403
504420
504460
504466
50447
504471
504472
504478
504501
504533
50454
504544
504550
50456
50459
50460
50461
50464
50488
50489
50502
50503
50504
50505
50506
50507
50508
50509
50510
50511
505470
505663
505720
506686
50678
50895
50907
509218
509376
509409
50991
51104
51168
51203
51204
51205
51214
513351
513352
513353
513361
513362
513365
513367
513369
513372
513373
513374
513375
513404
513420
513429
513430
513436
513437
513438
513439
513440
513441
513453
513457
513458
513461
513462
513464
513465
513466
513470
513505
513506
51351
513548
513555
513562
513564
513570
513571
513572
51358
513591
513592
513595
513597
513598
513601
513618
513620
513622
513625
513626
513634
513638
513643
513644
513645
513646
513647
513648
513649
513650
513651
513652
513653
513654
513655
513656
513667
514454
514455
516143
516146
516148
516152
516155
516156
516159
516183
516190
516194
516195
516196
516202
516203
516204
516206
516207
516208
516215
516218
516225
516226
516228
516232
516243
516244
516245
516247
516248
516251
516253
516256
516257
516280
52
520406
521213
521284
524529
525474
525492
525512
525514
525548
525552
525556
525569
525573
525586
525612
525634
525636
525638
525658
525738
525772
525784
525787
525795
525799
525800
525927
525946
525954
525957
526055
526099
526226
526261
526298
526304
526305
527538
527539
53
530983
531124
531230
533229
536325
54444
54445
54446
54447
54448
54452
54468
54478
54520
54523
54526
54538
54541
54543
54579
54580
54586
54587
54588
54696
54730
54738
54739
547797
547836
547839
547841
547865
547879
547932
547957
547960
547965
547991
547993
548031
548043
548070
548073
548074
548091
548092
548093
548136
548141
548162
548389
548433
548434
548442
548444
548452
548457
548564
548565
548570
548624
549637
55049
55051
55054
55065
55070
55102
55106
55108
55109
55120
551278
55210
555193
557817
557872
558088
558102
558139
558144
558155
558167
558265
558278
558284
558286
558529
558545
558568
558572
558577
558595
558617
558618
558621
558638
558645
558709
559072
559082
559137
559138
559142
559160
559172
559174
559175
559217
562451
571589
571597
571598
571623
571655
571678
571700
571702
571709
571947
571950
571952
571988
572052
572135
572200
572221
572266
572270
572271
572275
572296
572300
572302
572308
572324
572377
572384
572396
572402
572404
572457
572459
576366
576367
576373
576377
576384
576388
576391
576393
576394
576396
576399
576405
576411
576414
576419
576420
576421
576422
576423
576425
576426
576427
576428
576429
576430
576431
576432
576433
576434
576436
576437
576439
576457
577687
577814
577823
577838
577844
577847
577861
577862
577866
577891
577950
577961
577969
578044
578074
578079
578087
578088
578099
578100
578114
578126
578127
578135
578143
578157
578165
578167
578172
578174
578188
578194
578223
578236
578926
578997
578999
579012
579015
579016
579019
579023
579024
579025
579026
579027
579030
579033
579037
579067
579073
579075
579076
579168
579170
579171
579240
579287
579292
579315
579316
579324
579327
579337
579340
579342
579349
579357
579358
579423
579731
579780
579781
579800
579808
579815
579816
580148
580447
580478
580594
580596
580600
580673
580674
580680
580682
580684
580687
580688
580689
580690
580692
580693
580727
580728
580729
580740
580772
580773
580857
580858
580860
580861
580866
580871
580881
580882
580883
580884
580885
580886
580887
580888
580891
580892
580925
580926
580959
580991
581450
581460
581949
582665
582738
582742
582930
582931
582939
582972
583024
583033
583058
583373
583384
583503
583504
583548
583568
583587
583649
583855
583981
584087
584091
584340
584537
584582
584586
584593
584597
584599
584601
584606
584614
584616
584617
584619
584627
584630
584640
584642
584657
584689
584720
584738
584867
584868
588194
589038
589052
590054
60
600325
604380
604611
604620
604621
604630
604635
604665
604677
604684
604685
604686
604689
604716
604740
604789
605075
605087
605088
605162
605192
605227
605229
605273
605274
605284
605288
605294
605300
605302
605303
605305
605310
605319
605324
605325
607850
608323
610558
611638
615470
615472
615522
615609
615611
615612
615614
615637
615727
615731
615733
615734
615768
615787
615809
615811
615832
615835
615837
615842
615843
615877
615878
615881
615931
615963
615965
615966
615967
615968
615969
615971
616131
61658
616877
619918
619920
619939
619943
619946
619948
619951
619956
619980
619982
619988
620008
620197
620409
620421
620519
620522
620541
620543
620559
620597
620598
620601
620602
620604
620609
620615
620659
620662
620663
620666
620669
620670
621073
621110
621232
621237
621240
621827
621829
621831
621835
621837
621838
621839
621840
621849
621853
621857
621870
621877
621904
621970
621977
621980
621983
622018
622020
622042
622043
622054
622058
622060
622065
622073
622108
622109
622361
622886
622887
622888
622889
622890
622891
622892
622893
622894
622897
622899
622900
622901
622902
622903
622904
622905
622906
622907
622908
622909
622910
622911
622915
622920
622921
622923
622926
622927
622930
622931
622937
622938
62329
624391
626339
627809
627827
627890
627930
627969
627970
627984
628011
628015
628017
628054
628070
628107
628368
628449
628467
628618
628639
628681
628797
628802
628804
628807
629351
629362
629548
629595
629653
629708
629727
629758
629798
629835
631401
632363
632511
633716
637041
637313
637342
637368
637414
637440
637445
637449
637450
637451
637469
637497
637620
637622
637626
637631
637635
637677
637699
637706
637716
637819
637851
637876
637877
637884
637888
637895
637964
637966
637974
638049
638069
638070
638072
638455
638479
638481
638485
638486
638487
638489
638491
638495
638496
638497
638498
638499
638500
638502
638503
638504
638505
638512
638513
638515
638521
638522
638527
638530
638545
638553
638555
638556
638558
638561
638564
638568
638569
639008
641419
641420
641440
641467
641492
641500
641509
641586
641594
641595
641615
641640
641641
641643
641649
641650
641651
641654
641684
641696
641701
641722
641735
641749
641768
641774
641778
641781
641805
641839
641845
641873
641938
642528
642559
642658
642661
642662
642690
642708
642729
642743
642757
642760
642761
642765
642777
642796
642800
642834
642835
642838
642857
642901
642902
642903
642904
642955
643034
643149
643155
643167
643168
643170
643174
643183
643784
645051
645140
645197
645215
645277
645426
645435
645457
645489
645534
645546
645559
645561
645562
645564
645565
645573
645580
645582
645583
645605
645621
645630
645735
645768
645772
645825
645836
645855
645906
645913
645931
645971
645978
645998
646006
646024
646048
646050
646138
646213
646216
646230
650657
651124
653813
653867
654874
657726
657727
657759
657771
657772
657773
657832
657838
657867
657980
658083
658113
658211
658302
658304
658328
658376
658425
658486
658541
658542
658543
658558
658578
658597
658624
658652
658663
658678
658701
658716
658722
658730
659392
660162
660178
660179
662080
662840
664432
664476
666157
67
671488
672407
673615
675113
67529
67542
67550
67564
67565
67581
67665
67678
67847
67887
67892
67975
67977
67982
68000
68013
68018
68028
68030
68033
68037
68038
68042
68044
68046
68047
68048
68049
68054
68056
68057
68060
68065
682672
683929
683940
683969
683996
684101
684349
684450
684455
684456
684457
684458
684459
684460
684461
684462
684463
684464
684465
684466
684467
684468
684469
684470
684471
684472
684473
684474
684475
684476
684477
684478
684479
684480
684481
6866
687331
690307
692685
693168
693357
693362
693364
693369
693373
693376
693386
693391
693399
693461
693463
693464
693479
693480
693482
693533
693583
693587
693643
693671
693682
693739
693741
693742
693753
693787
693922
693932
693968
693977
693978
693980
693989
696161
696828
697489
69799
700189
700192
700195
700198
700245
700291
700296
700311
700313
700329
700373
700386
700395
700436
700514
700541
700559
700564
700567
700571
700577
700581
700595
700601
700618
700620
700633
70066
700667
700746
700798
700880
701068
701073
702146
702386
702395
703335
703547
703564
703917
703931
703977
703989
704078
70420
704436
70444
70446
70448
704576
704594
704657
704867
70487
704873
704875
704905
704927
704929
704931
704951
704953
704967
704973
704977
705000
705019
705037
705040
705046
705060
705062
705072
705081
705090
705146
705185
705246
705254
705276
705292
705320
705333
705352
705354
705355
705357
70597
70826
70960
709728
710322
710323
710324
710325
710417
710419
710479
710480
710482
710483
710486
710487
710500
710511
710513
710517
710532
710536
710561
71058
710581
710590
710591
710592
710593
710599
710607
710623
710640
710641
710643
710644
710645
710648
711391
71276
71353
71356
71421
71491
71495
71506
71547
71550
71552
71557
71558
71560
71564
71595
71628
71652
71654
71660
71662
71664
716665
71667
717562
718456
718488
718654
718809
719599
720204
720205
720206
720208
720507
720508
720509
720515
720518
720519
720548
720564
720568
720572
720596
720603
720614
720616
720627
720628
720633
720635
720636
720639
720647
720668
720675
720676
720679
720681
720682
720684
720685
720691
720694
720738
720747
720768
720769
720770
720771
720775
720785
720787
720791
720799
720801
720802
720803
720806
720808
720810
720812
720814
720817
720821
720823
720836
720837
720839
720848
720866
720886
720888
720892
720913
720920
720932
720972
721010
721205
722414
722419
722427
722439
722460
722461
722476
722477
722495
722497
722501
722515
722588
722589
722591
722599
722602
722638
722664
722676
722729
722749
722777
722801
722802
722803
722812
722821
722822
722823
722824
722826
722827
72284
723549
727297
727645
727993
728370
729571
731102
731309
732671
732673
732674
732678
732679
732680
732681
732682
732684
732713
732736
732742
732745
732754
732755
732756
732757
732758
732759
732760
732768
732786
732787
732788
732789
732790
732825
732828
732829
732830
732831
732832
732833
732845
732964
732965
732966
733186
733572
733597
733975
74
740576
740734
741552
744673
744753
744758
744780
744782
744804
744805
744808
744811
744818
744822
744823
744830
744836
744839
744850
744855
744861
744866
744975
745119
745299
745301
745304
745317
745321
745331
745333
745357
745358
745368
745372
745399
747603
748935
748936
749014
749015
749016
749939
750656
750870
751479
751779
754520
755712
756150
756403
756408
756430
756440
756489
756520
756524
756525
756533
756535
756750
756751
756761
756819
756823
756824
756860
756862
756863
756865
756918
757148
757150
757177
757180
757191
757240
757260
757267
757308
757390
757392
757414
757580
75767
75887
75888
75930
75976
75995
75997
761663
762219
762223
762231
76512
76571
76573
76587
76597
76602
76603
76605
76606
76610
76612
76615
76619
76638
76653
76654
76661
76662
76664
76665
76666
76667
766674
76669
76670
76674
76675
77
770212
770750
771062
772494
772626
774974
775137
775291
776613
776639
776640
776652
776655
776656
776658
776660
776661
776670
776672
776674
776698
776710
776718
776719
776723
776730
776732
776739
776748
776749
776758
776760
776761
776769
776771
776773
776774
776777
776778
776780
776784
776785
78
780959
780960
780961
780962
780963
780964
780965
780966
780967
780968
780969
780970
780971
780976
780978
780981
780990
781094
781155
781157
781188
781224
781252
781262
781461
781464
781500
781502
781507
781508
781515
781548
781553
783701
783713
783714
783715
783716
783717
783723
783757
783766
783776
783781
783812
783838
783990
783997
783998
784000
784001
784002
784005
784006
784039
784040
784054
784055
784068
784073
784074
784078
784090
784107
784116
784123
784446
784646
784787
784810
784826
784847
784882
784915
784933
785160
785167
785180
785233
785263
785264
785265
785267
785268
785269
78527
785270
785272
785274
785276
785296
785325
785348
785350
785353
785356
785406
785455
785460
785461
785659
785777
786452
786522
786587
786588
786589
788574
79
790171
790172
790173
790174
790175
790186
790191
790193
790194
790199
790205
790232
790319
790324
790477
790533
790544
790545
790559
790561
790596
790618
790619
790632
790651
790657
790670
790672
790676
790677
790688
790690
790693
790695
792033
792143
792202
792208
792224
792226
792251
792258
792259
792267
792268
792270
792271
792272
792280
792283
792284
792285
792286
792290
792301
792321
792323
792331
792332
792335
792336
792337
792339
792343
792346
792348
792351
792352
792393
792450
792520
792575
792576
792617
792647
792649
792657
792663
792776
792832
792833
792834
792887
793010
793023
793065
793066
793068
793069
793071
793072
793073
793074
793075
793076
793077
793078
793079
793080
793081
793082
793704
793742
793760
793765
793772
793773
793775
793779
793792
793793
793799
793805
793902
793910
793971
793989
794030
794043
794047
794049
794054
794056
794087
795672
795673
795674
795675
795676
795677
795678
795679
795680
795681
795682
795755
795756
795757
795758
795759
795760
795761
795762
795763
795764
795765
795766
795767
795768
795769
795773
795774
795777
795778
795780
795781
795782
795783
795784
795785
795786
795787
795788
795789
795790
795791
795792
795793
795990
795992
795993
795994
795995
795997
795998
796000
796003
796005
796006
796008
796009
796010
796011
796012
796013
796014
796015
796016
796017
796018
796019
796022
796023
796024
796025
796026
796027
796028
796029
796030
796031
796404
796407
796409
796411
796413
796414
796415
796416
796419
796420
796421
796422
796423
796424
796425
796426
796427
796428
796429
796432
796433
796434
796435
796436
796437
796439
796443
796445
796446
796448
796449
796451
796452
796494
796497
796498
796499
796500
796501
796502
796503
796504
796505
796506
796507
796508
796509
796510
796511
796512
796514
796519
796520
796522
796523
796524
796525
796526
796527
796529
796531
796533
796534
796535
796536
796537
796637
796638
796639
796640
796641
796642
796643
796644
796645
796646
796647
796648
796649
796651
796652
796653
796655
796656
796657
796658
796660
796661
796663
796664
796667
796668
796669
796670
796672
796675
796676
796677
796678
796689
796693
796694
796695
796697
796698
796700
796702
796703
796704
796705
796706
796708
796709
796710
796712
796714
796715
796716
796717
796718
796719
796720
796721
796722
796723
796724
796725
796726
796727
796728
796729
796730
796835
796837
796838
796839
796840
796842
796843
796844
796845
796846
796849
796850
796851
796852
796853
796854
796855
796856
796857
796858
796859
796860
796861
796862
796863
796864
796865
796867
796868
796870
796871
796872
796873
796934
796935
796939
796941
796942
796943
796944
796946
796947
796948
796949
796950
796951
796952
796953
796955
796956
796958
796960
796962
796963
796965
796968
796969
796970
796971
796972
796973
796974
796975
796976
796977
796978
797644
80
801354
802
802199
802714
803618
803952
804007
804020
804029
804041
804056
804063
804065
804073
804095
804159
804276
804343
804346
804389
804421
804424
804432
804440
804442
804482
804499
804515
804649
804763
804773
804775
804792
804793
804830
804850
804853
804860
805292
805375
805395
805403
805404
805460
805488
805493
805549
805598
805764
805765
805772
805834
805878
805901
805903
805904
805905
805930
805934
805935
805936
805939
805940
805946
805955
806013
806049
806050
806051
806068
806115
806121
806927
807404
807523
807864
808079
808150
808201
808294
808667
808672
808674
808680
808683
808686
808927
808929
808933
809126
809127
809128
809145
809148
809152
809153
809197
809208
809217
809219
809261
809266
809271
809277
809292
809293
809299
809300
809314
809361
809376
809379
809396
809416
810303
810747
810764
810769
810779
810781
810783
810803
810880
810972
810989
810992
810993
811025
811029
811031
811047
811055
811060
811062
811068
811096
811097
811098
811099
811100
811144
811176
811278
811281
811320
811325
811332
811335
813772
815403
816797
819001
819013
819014
819020
819021
819023
819024
819025
819070
819071
819072
819073
819074
819075
819076
819077
819078
819079
819080
819081
819082
819083
819084
819085
819086
819087
819088
819096
819105
819113
819122
819125
819126
819127
819165
819371
819468
819677
819693
819983
820279
831277
832014
832020
832024
832031
832036
832038
832065
832077
832078
832085
832101
832112
832122
832130
832133
832138
832255
832288
832299
832300
832466
832501
832524
832536
832543
832547
832551
832552
832556
832558
832564
832618
832619
833050
834234
84278
843447
843508
843510
843569
843577
843679
843681
843702
843709
843720
843729
843733
843748
843756
843762
843768
843778
843791
843794
843831
843840
843845
843847
843855
843863
843896
843897
843904
843987
843994
843999
844018
844027
84604
848642
85
851293
853449
853469
854983
855041
855048
855055
855060
855068
855071
855075
855077
855081
855097
855124
855129
855140
855168
855169
855196
855197
855198
855311
855312
855318
855331
855332
855335
855338
855339
855340
855341
855342
855343
855344
855345
855448
855519
855526
855631
855657
855883
85591
858740
85924
861373
861407
861418
861476
861480
861528
861556
861588
861625
861643
861658
861673
861675
861689
861696
861715
861726
861762
861843
861853
861872
861876
861955
861956
861957
861959
861961
861966
861967
861968
861969
861971
861975
862326
862817
863011
863038
863041
863046
863083
863085
863095
863105
863137
863138
863140
863308
863309
863310
863311
863312
863313
863314
863315
863316
863317
863318
863319
863320
863321
863322
863323
863324
863325
863326
863327
863328
864535
864641
864680
864759
864800
864965
870217
87158
872315
872341
872344
872348
872350
872352
872583
872593
872598
872621
872623
872686
872718
872819
872822
872825
872832
872836
872845
872846
872847
872863
872865
872866
872868
872869
872870
872871
872872
872873
872874
872875
872879
872880
872881
872882
873104
87334
873495
874321
87460
87471
87475
87485
87491
87496
87497
87551
87553
87555
876947
87705
87710
87759
87784
87858
87870
87873
87930
87957
87961
87964
87966
87967
87969
87972
87983
87985
87989
879892
879894
879919
87993
87995
87997
88004
88005
880505
880532
880533
880534
880552
880576
880577
880602
880604
880607
880615
880623
880628
880629
880669
880684
880826
880875
880884
880897
880906
880908
880941
880956
880970
880971
881042
881057
881059
881062
881069
881075
881085
881355
882650
882653
882657
882667
882684
882703
882704
882705
882706
882707
882708
882709
882710
882713
882714
882715
882716
882719
882720
882723
882724
882728
882732
882741
882744
882748
882749
882812
882878
882893
882912
882949
883513
885315
885316
885317
885318
885339
885372
885378
885383
885386
885389
885395
885398
885418
885435
885436
885442
885445
885454
885468
885470
885521
885526
885527
885597
885606
885607
885803
885905
885911
885916
885920
885926
885935
885963
886041
886042
886053
886054
886057
886059
886079
886226
886257
886284
886290
886291
886292
886330
886395
886405
886408
886411
886497
886540
886812
886813
886818
886827
886831
886832
886835
886836
886837
886839
886842
886848
886849
887690
888115
88893
88917
88921
889516
89020
89022
89101
89103
89104
89108
891082
89115
89125
89216
89220
89223
89226
89228
89230
89236
89237
89243
89278
89289
89292
89294
89296
89302
89303
89310
89311
89312
89319
89371
89373
89387
89475
89500
89503
89505
89533
89542
89617
89626
89656
89657
89660
89661
89662
89666
89669
89670
89671
89680
89750
89779
89785
898260
898284
898443
898614
89876
89877
89893
898931
89912
89913
89940
9
900024
90004
90011
90018
900457
90049
90050
90057
900672
900673
902843
903571
903581
906681
907639
908116
909510
912603
912611
912738
912773
912803
912804
912805
912807
912808
912817
912818
912925
912926
912927
913083
913151
913183
913223
913240
913250
913252
913254
913258
913267
913271
913408
913409
913410
913464
913469
913474
913477
913478
913479
913481
916359
916478
917632
917962
918184
918275
918284
918295
918326
918356
918361
918408
918427
918516
918524
918561
918572
918582
918660
918752
918753
918761
918764
918765
918767
918769
918771
918774
918775
918776
918777
918778
918784
918785
918787
918794
918802
918803
918903
918965
919714
919723
919830
919921
919923
919924
919926
919927
919938
919965
920003
920010
920053
920143
920144
920145
920146
920149
920150
920160
920164
920223
920232
920235
920257
920291
920316
920326
920328
920346
920457
920467
920483
920720
921982
927191
927200
927201
927207
927227
927329
927344
927468
927470
927472
927474
927479
927480
927583
927587
927588
927589
927592
927593
927594
927890
927893
927976
928019
928021
928035
928069
928071
928072
928073
928076
928078
928088
928125
928137
928168
928175
928188
928193
928207
928213
928215
928224
928231
928233
928251
928252
928258
928315
928353
928354
928357
928365
928367
928373
928377
928407
928420
928427
928430
928441
928443
928445
928455
928456
928457
928458
928459
928460
928461
928462
928467
928468
928471
928472
928474
928475
928476
928479
928480
928516
928517
928518
928524
928544
928545
928546
928548
928550
928556
928563
928565
928566
928568
928571
928578
928588
928589
928638
928641
928646
928648
928651
928654
928659
928660
928666
928669
928675
928678
928682
928683
928684
928685
928686
928687
928688
928689
928690
928695
928696
928697
928698
928703
928706
928709
928711
928712
928713
928714
928715
931078
931080
931081
931082
931083
931087
931089
931090
931092
931103
931105
931107
931109
931112
931137
931138
931139
931142
931145
931146
931149
931151
931152
931153
931160
931161
931162
931166
931175
931182
931190
931191
931196
93560
93566
935820
936165
936166
94
941667
942614
948325
948379
948427
950283
955207
955208
956430
956446
956502
956517
956688
956693
956697
956699
956712
956713
956715
956718
956723
956725
956733
956735
956736
956748
956781
956939
956943
956948
956949
956950
957034
957035
957039
957040
957223
957235
957242
957370
957511
959807
962595
963125
963129
963132
963134
963138
963150
963153
963159
963161
963182
963222
963243
963257
963278
963291
963302
963306
963359
963367
963408
963462
963481
963580
963581
963640
963656
963662
963670
963676
963677
963684
963701
963702
964267
964884
966455
97278
972941
972996
973000
973003
97304
97306
973089
97316
973217
973228
97323
97325
973255
973257
97326
973263
973270
973274
973281
973363
973378
973379
973383
97351
973666
973675
973678
973680
973698
973710
973721
973725
973731
973739
973744
973745
973747
973754
973756
973849
973959
974011
97436
97460
97461
97464
97470
97473
97475
97477
97479
97489
97531
97553
97555
97562
97563
97564
97565
97566
975679
97577
97578
97580
97583
97584
97587
97590
97622
97628
97629
97646
97647
97648
97656
97660
97661
97669
97671
97672
97677
97679
97683
97688
97691
97693
97695
97697
97702
97703
97704
97705
97708
97710
97716
97717
97718
97720
97723
97726
97727
977576
981038
981153
981156
981261
981275
981279
981322
981328
981331
981337
981346
981474
981530
981571
981664
981718
981751
981804
981813
981814
981815
981824
981867
981887
981931
981942
981946
981948
981961
981998
981999
982000
982001
986406
986479
986554
986558
986565
986567
986570
986612
986658
986671
986673
986685
986736
986992
986996
987267
987273
987276
987283
987286
987302
987316
987317
987341
987360
987378
987381
987382
987383
987385
987394
987409
987433
987488
987497
988772
988865
990827
991417
991418
991425
991430
991431
991432
991433
991436
991438
991440
991441
991442
991444
991445
991447
991448
991452
991458
991459
991460
991461
991462
991463
991464
991465
991467
991468
991469
991471
991472
991473
991475
991476
992013
992142
992236
992628
992629
992669
992677
992692
992695
992699
992720
992810
992841
992850
992856
992880
992889
992894
992934
992982
993029
993035
993042
993045
993081
993090
993106
993112
993118
993125
993135
993141
993142
993148
993160
993175
993264
993287
993386
993450
993734
993796
993798
993799
993800
993801
993851
993856
993867
994074
994142
994148
994149
994160
994165
994166
994167
994207
994289
994290
994294
994295
994301
994311
994343
994345
994346
994426
994427
994429
994458
994476
994479
994525
994541
994593
994907
994908
994910
994911
994912
994916
994917
994923
994924
994925
994926
994962
994990
995001
995052
995598
995599
995742
995746
995823
995824
995825
995827
995832
995834
995835
995838
995839
995881
995885
995888
998479
998483
998582
998693
