
0
1
10
10004
10011
100260
100261
100262
100263
100264
100265
100266
100267
100268
100269
100270
100271
100272
100273
100274
100275
100276
100277
100278
100279
100280
100281
100282
100283
100284
100285
100286
100287
100288
100289
100290
100291
100292
100347
100348
100349
100350
100351
100352
100353
100354
100355
100356
100357
100358
100359
100360
100361
100362
100363
100364
100365
100366
100367
100368
100369
100370
100371
100372
100373
100374
100375
100376
100377
100378
100379
100380
100442
100705
1008918
1008919
1008920
1008921
1008922
1008973
1009007
1009040
1009041
1009042
1009043
1009044
1009045
1009046
1009047
1009048
1009049
1009050
1009051
1009052
1009053
1009054
1009055
1009056
1009057
1009058
1009059
1009060
1009061
1009062
1009063
1009064
1009065
1009066
1009154
1010194
1020008
1020009
1020010
1020011
1020012
1020013
1020014
1020015
1020016
1020017
1020018
1020019
1020020
1020021
1020022
1020023
1020024
1020026
1020027
1020028
1020034
1020035
1020036
1020037
1020038
1020039
1020040
1020041
1020042
1020043
1020044
1020045
1020046
1020047
10201
1020645
1021208
1021209
1021210
1021211
1021212
1021213
1021214
1021215
1021216
1021217
1021218
1021219
1021220
1021221
1021222
1021223
1021224
1021225
1021226
1021227
1021228
1021229
1021230
1021231
1021232
1021233
1021234
1021235
1021236
1021237
1021238
1021239
1021240
1021318
1021598
1022114
1031058
1031059
1031060
1031061
1031062
1031063
1031064
1031065
1031066
1031067
1031068
1031069
1031070
1031071
1031072
1031073
1031074
1031075
1031076
1031077
1031078
1031079
1031080
1031081
1031082
1031083
1031084
1031085
1031086
1031087
1031088
1031089
1031090
1031107
1031150
1034081
10409
10414
10415
10416
104167
1044945
1044946
1045006
1045007
1045008
1045009
1045011
1045012
1045013
1045014
1045015
1045016
1045017
1045021
1045022
1045023
1045024
1045025
1045028
1045031
1045032
1045037
1045038
1045039
1045043
1045044
1045045
1045055
1045104
1045105
1045106
1045107
1045138
1045139
1045211
1047505
1053986
1053987
1053988
1053989
1053990
1053991
1053992
1053993
1053994
1053995
1053996
1053997
1053998
1053999
1054000
1054001
1054002
1054003
1054004
1054005
1054006
1054007
1054008
1054009
1054010
1054011
1054012
1054013
1054014
1054015
1054016
1054017
1054018
1054044
1054891
1056946
1056947
1056948
1056949
1056950
1056951
1056952
1056953
1056954
1056955
1056956
1056957
1056958
1056959
1056960
1056961
1056962
1056963
1056964
1056965
1056966
1056967
1056968
1056969
1056970
1056971
1056972
1056973
1056974
1056975
1056976
1056977
1056978
1056993
1056994
1056995
1056996
1057001
1057002
1057003
1057004
1057005
1057006
1057007
1057008
1057009
1057010
1057011
1057012
1057013
1057014
1057015
1057016
1057017
1057018
1057019
1057020
1057021
1057022
1057023
1057024
1057025
1057027
1057028
1057029
1057030
1057031
1057114
1057115
1057116
1057117
1057118
1057119
1057120
1057121
1057122
1057123
1057124
1057125
1057126
1057127
1057128
1057129
1057130
1057131
1057132
1057133
1057134
1057135
1057136
1057160
1057161
1057162
1057163
1057164
1057165
1057166
1057167
1057168
1057169
1057170
1057449
1057458
1058505
1058506
1058507
1058508
1058509
1058510
1058511
1058512
1058513
1058514
1058515
1058516
1058517
1058518
1058519
1058520
1058521
1058522
1058523
1058524
1058525
1058526
1058527
1058528
1058529
1058530
1058531
1058532
1058533
1058534
1058535
1058536
1058537
1058559
1058757
1058885
1061120
1061121
1061122
1061123
1061124
1061125
1061126
1061127
1061128
1061129
1061130
1061131
1061132
1061133
1061134
1061135
1061136
1061137
1061138
1061139
1061140
1061141
1061142
1061143
1061144
1061145
1061146
1061147
1061148
1061149
1061150
1061151
1061152
1061153
1061157
1070588
1081977
1081978
1081979
1081980
1081981
1081982
1081983
1081984
1081985
1081986
1081987
1081988
1081989
1081990
1081991
1081992
1081993
1081994
1081995
1081996
1081997
1081998
1081999
1082000
1082001
1082002
1082003
1082004
1082005
1082006
1082007
1082008
1082009
1082129
1082368
1084827
1084828
1084829
1084830
1084831
1084832
1084833
1084834
1084835
1084836
1084837
1084838
1084839
1084840
1084841
1084842
1084843
1084845
1084846
1084847
1084848
1084849
1084850
1084851
1084852
1084854
1084855
1084856
1084858
1084859
1084860
1084861
1084862
1084863
1084864
1096258
1099190
1099191
1099192
1099193
1099194
1099195
1099196
1099197
1099198
1099199
1099200
1099201
1099202
1099203
1099204
1099205
1099206
1099207
1099208
1099209
1099210
1099211
1099212
1099213
1099214
1099215
1099216
1099239
1099240
1099241
1099242
1099243
1099244
1099245
1099246
1099247
1099248
1099249
1099250
1099251
1099364
1099365
1099366
1099367
1099368
1099369
1099370
1099371
1099372
1099373
1099374
1099375
1099376
1099377
1099378
1099379
1099380
1099381
1099382
1099383
1099384
1099385
1099386
1099387
1099388
1099389
1099390
1099391
1099392
1099393
1099394
1099395
1099396
1099397
1099398
1099399
1099400
1099401
1099402
1099403
1099404
1099407
1099408
1099409
1099410
1099411
1099412
1099413
1099414
1099415
1099416
1099417
1099418
1099419
1099420
1099421
1099422
1099423
1099424
1099425
11
1100340
1106220
1106221
1106222
1106223
1106233
1106234
1106235
1106236
1106237
1106238
1106242
1106256
1106257
1106258
1106259
1106260
1106261
1106282
1106310
1106311
1106312
1106313
1106314
1106315
1106316
1106317
1106318
1106319
1106320
1106380
1106382
1106384
1106386
1106388
1106495
1107010
1108621
1108622
1108623
1108624
1108625
1108626
1108627
1108628
1108629
1108630
1108631
1108632
1108633
1108634
1108635
1108636
1108637
1108638
1108639
1108640
1108641
1108642
1108659
1108660
1108661
1108662
1108663
1108664
1108665
1108666
1108667
1108668
1108669
1108670
1109374
1109670
1112048
1112049
1112050
1112051
1112052
1112053
1112054
1112067
1112070
1112071
1112072
1112073
1112074
1112075
1112076
1112077
1112078
1112081
1112082
1112083
1112084
1112085
1112086
1112087
1112088
1112089
1112090
1112091
1112092
1112093
1112094
1112095
1112096
1112097
1112098
1112099
1112100
1112101
1112102
1112103
1112104
1112105
1112106
1112107
1112108
1112109
1112110
1112111
1112112
1112113
1112114
1112115
1112116
1112117
1112118
1112119
1112120
1112121
1112122
1112123
1112124
1112125
1112126
1112127
1112128
1112129
1112130
1112131
1112132
1112133
1112134
1112146
1112154
1112164
1112179
1112180
1112181
1112182
1112192
1112234
1112251
1112252
1112253
1112254
1112255
1113235
1119121
1119122
1119123
1119124
1119125
1119126
1119127
1119128
1119129
1119130
1119131
1119132
1119133
1119134
1119135
1119136
1119137
1119138
1119139
1119140
1119141
1119142
1119143
1119144
1119145
1119146
1119147
1119148
1119149
1119150
1119151
1119152
1119153
1119198
1119199
1119200
1119201
1119202
1119203
1119204
1119205
1119206
1119207
1119208
1119209
1119210
1119211
1119212
1119213
1119214
1119215
1119216
1119217
1119218
1119219
1119220
1119221
1119222
1119223
1119224
1119225
1119226
1119227
1119228
1119229
1119230
1119232
1119774
1119775
1119776
1119777
1119778
1119779
1119780
1119781
1119782
1119783
1119784
1119785
1119786
1119787
1119788
1119789
1119790
1119791
1119792
1119793
1119794
1119795
1119796
1119797
1119798
1119799
1119800
1119801
1119802
1119803
1119804
1119805
1119806
1119811
1119869
1119870
1119871
1119872
1119873
1119878
1119879
1119880
1119881
1119882
1119883
1119884
1119885
1119897
1119918
1119943
1119945
1119955
1120002
1120003
1120006
1120010
1120014
1120032
1120066
1120067
1120068
1120069
1120070
1120071
1120072
1120073
1120074
1120075
1120076
1120077
1120078
1120079
1120080
1120081
1120082
1120083
1120084
1120085
1120086
1120087
1120088
1120089
1120090
1120091
1120092
1120093
1120094
1120095
1120096
1120097
1120098
1120101
1120102
1120154
1120169
1120170
1120173
1120176
1120177
1120264
1120310
1120313
1120886
1121167
1121168
1121169
1121170
1121171
1121172
1121173
1121174
1121175
1121176
1121177
1121178
1121179
1121180
1121181
1121182
1121183
1121184
1121185
1121186
1121187
1121188
1121189
1121190
1121191
1121192
1121193
1121194
1121195
1121196
1121197
1121198
1121199
1121200
1121503
1128848
1128849
1128850
1128851
1128852
1128853
1128854
1128855
1128856
1128857
1128858
1128859
1128860
1128861
1128862
1128863
1128864
1128865
1128866
1128867
1128868
1128869
1128870
1128871
1128872
1128873
1128874
1128875
1128876
1128877
1128878
1128879
1128880
1128958
1129740
1129806
1135814
1135815
1135867
1135910
1135911
1135987
1135988
1135989
1135990
1135991
1135992
1136041
1136042
1136043
1136044
1136045
1136055
1136056
1136057
1136058
1136059
1136060
1136061
1136063
1136064
1136065
1136066
1136067
1136068
1136069
1136070
1136071
1136072
1136082
1136083
1136084
1136093
1136277
11425
11426
11427
11428
11429
1148039
1148040
1148041
1148042
1148043
1148044
1148045
1148046
1148047
1148048
1148049
1148050
1148051
1148052
1148053
1148054
1148055
1148056
1148057
1148058
1148059
1148060
1148061
1148062
1148063
1148064
1148065
1148066
1148067
1148068
1148069
1148070
1148071
1148072
1148073
1148074
1148075
1148076
1148077
1148078
1148109
1148110
1148111
1148112
1148113
1148114
1148115
1148116
1148117
1148118
1148119
1148120
1148121
1148122
1148123
1148124
1148125
1148126
1148127
1148128
1148129
1148130
1148131
1148132
1148133
1148134
1148135
1148136
1148137
1148138
1148139
1148140
1148141
1148142
1148143
1148144
1148145
1148146
1148147
1148148
1148149
1148150
1148151
1148152
1148153
1148154
1148155
1148156
1148157
1148158
1148159
1148160
1148161
1148162
1148181
1148182
1148183
1148184
1148185
1148186
1148187
1148188
1148189
1148190
1148191
1148192
1148215
1148216
1148217
1148218
1148219
1148220
1148221
1148222
1148223
1148224
1148225
1148226
1148227
1148228
1148229
1148230
1148231
1148232
1148233
1148234
1148235
1148236
1148237
1148238
1148239
1148240
1148241
1148242
1148243
1148244
1148245
1148246
1148247
1148351
1148380
1148381
1148382
1148383
1148384
1148385
1148386
1148387
1148388
1148389
1148390
1148391
1148392
1148393
1148394
1148395
1148396
1148397
1148398
1148399
1148400
1148401
1148402
1148403
1148404
1148405
1148406
1148407
1148408
1148409
1148410
1148411
1148412
1148413
1148562
1148672
1148797
1151321
1151322
1151323
1151324
1151325
1151326
1151327
1151328
1151329
1151330
1151331
1151332
1151333
1151334
1151335
1151336
1151337
1151338
1151339
1151340
1151341
1151342
1151343
1151344
1151345
1151346
1151347
1151348
1151349
1151350
1151351
1151352
1151353
1151356
1151362
1151499
1155170
1155171
1155190
1155193
1155194
1155198
1155199
1155200
1155201
1155202
1155203
1155206
1155207
1155208
1155209
1155210
1155211
1155212
1155213
1155214
1155215
1155216
1155217
1155218
1155219
1155220
1155221
1155222
1155223
1155224
1155225
1155226
1155227
1155247
1155266
1157834
1157835
1157837
1157845
1157859
1157882
1157950
1157961
1158208
1158211
1158212
1158213
1158214
1158215
1158216
1158217
1158219
1158220
1158225
1158227
1158228
1158230
1158231
1158234
1158239
1158240
1158245
1158246
1158247
1158354
1158505
1158652
1158653
1158657
1159397
1159902
1168972
1168973
1168974
1168975
1168976
1168977
1168978
1168979
1168980
1168981
1168982
1168983
1168984
1168985
1168986
1168987
1168988
1168989
1168990
1168991
1168992
1168993
1168994
1168995
1168996
1168997
1168998
1168999
1169000
1169001
1169002
1169003
1169004
1169005
1169006
1170024
1170025
1170026
1170027
1170028
1170029
1170030
1170031
1170032
1170033
1170034
1170035
1170036
1170037
1170038
1170039
1170040
1170041
1170042
1170043
1170044
1170045
1170046
1170047
1170048
1170049
1170050
1170051
1170052
1170053
1170054
1170055
1170056
1170060
1170061
1170062
1170063
1170064
1170065
1170066
1170067
1170068
1170069
1170070
1170071
1170072
1170073
1170074
1170075
1170076
1170077
1170078
1170079
1170080
1170081
1170082
1170083
1170084
1170085
1170086
1170087
1170088
1170089
1170090
1170091
1170092
1170122
1170167
1171327
1192002
1192003
1192004
1192005
1192006
1192007
1192008
1192009
1192010
1192011
1192012
1192013
1192014
1192015
1192016
1192017
1192018
1192019
1192020
1192021
1192022
1192024
1192025
1192026
1192027
1192028
1192029
1192030
1192031
1192032
1192033
1192034
1192035
1192036
1192037
1196152
1196153
1196154
1196155
1196156
1196157
1196158
1196159
1196160
1196161
1196162
1196163
1196164
1196165
1196166
1196167
1196168
1196169
1196170
1196171
1196172
1196173
1196174
1196175
1196176
1196177
1196178
1196179
1196180
1196181
1196182
1196183
1196184
1196185
1196186
1196195
1196196
1196197
1196198
1196199
1196200
1196201
1196202
1196203
1196204
1196205
1196206
1196207
1196208
1196209
1196210
1196211
1196212
1196213
1196214
1196215
1196216
1196217
1196218
1196219
1196220
1196221
1196222
1196223
1196224
1196225
1196226
1196227
1196237
1196476
12
1200067
1200068
1200069
1200070
1200071
1200072
1200073
1200074
1200075
1200076
1200077
1200078
1200079
1200080
1200081
1200082
1200083
1200084
1200085
1200086
1200087
1200088
1200089
1200090
1200091
1200092
1200093
1200094
1200095
1200096
1200097
1200098
1200099
1200246
1200586
1202179
1205545
1205546
1205547
1205548
1205549
1205550
1205551
1205552
1205553
1205554
1205555
1205556
1205557
1205558
1205559
1205560
1205561
1205562
1205563
1205564
1205565
1205566
1205567
1205568
1205569
1205570
1205571
1205573
1205574
1205575
1205576
1205577
1205580
1205596
1205616
1205617
1205618
1205619
1205620
1205621
1205622
1205623
1205624
1205625
1205626
1205627
1205628
1205629
1205630
1205631
1205632
1205633
1205634
1205635
1205636
1205637
1205638
1205639
1205640
1205641
1205642
1205643
1205644
1205645
1205646
1205647
1205648
1205688
1205714
1206366
1207404
1207405
1207406
1207407
1207408
1207409
1207410
1207411
1207412
1207413
1207414
1207415
1207416
1207417
1207418
1207419
1207420
1207421
1207422
1207423
1207424
1207425
1207426
1207427
1207428
1207429
1207430
1207431
1207432
1207433
1207434
1207435
1207436
1207560
1207561
1207562
1207563
1207564
1207565
1207566
1207567
1207568
1207569
1207570
1207571
1207572
1207573
1207574
1207575
1207576
1207577
1207578
1207579
1207580
1207581
1207582
1207583
1207584
1207585
1207586
1207587
1207588
1207589
1207590
1207591
1207592
1207605
1207606
1207607
1207608
1207609
1207610
1207611
1207612
1207613
1207614
1207615
1207616
1207617
1207618
1207619
1207620
1207621
1207622
1207623
1207624
1207625
1207626
1207627
1207628
1207629
1207630
1207631
1207632
1207633
1207634
1207635
1207636
1207637
1207638
1207639
1207640
1207641
1207642
1207643
1207644
1207645
1207646
1207647
1207648
1207649
1207650
1207651
1207652
1207653
1207654
1207655
1207656
1207657
1207658
1207659
1207660
1207661
1207662
1207663
1207664
1207665
1207666
1207667
1207668
1207669
1207685
1207686
1207687
1207688
1207689
1207690
1207691
1207692
1207693
1207694
1207695
1207696
1207697
1207698
1207699
1207700
1207701
1207702
1207703
1207704
1207705
1207706
1207707
1207708
1207709
1207710
1207711
1207712
1207713
1207714
1207715
1207716
1207717
1207734
1207735
1207736
1207737
1207738
1207739
1207740
1207741
1207742
1207743
1207744
1207745
1207746
1207747
1207748
1207749
1207750
1207751
1207752
1207753
1207754
1207755
1207756
1207757
1207758
1207759
1207760
1207761
1207762
1207763
1207764
1207765
1207766
1207991
1207992
1207993
1208053
1208054
1208055
1208056
1208057
1208058
1208059
1208060
1208061
1208062
1208063
1208064
1208065
1208066
1208067
1208068
1208069
1208070
1208071
1208072
1208073
1208074
1208075
1208076
1208077
1208078
1208079
1208080
1208081
1208082
1208083
1208084
1208085
1208125
1208126
1208131
1208152
1208281
1208282
1208283
1208284
1208286
1208322
1208725
1208726
1208727
1208728
1208729
1208730
1208731
1208762
1208763
1208830
1209102
1209103
1209123
1209127
1209128
1209145
1209146
1209150
1209154
1209159
1209160
1209168
1209169
1209212
1211207
1211208
1211209
1211210
1211211
1211212
1211213
1211214
1211215
1211216
1211217
1211218
1211219
1211220
1211221
1211222
1211223
1211224
1211225
1211226
1211227
1211228
1211229
1211230
1211231
1211232
1211233
1211234
1211235
1211236
1211237
1211238
1211239
1211249
1211250
1211251
1211252
1211253
1211254
1211255
1211256
1211257
1211258
1211259
1211260
1211261
1211262
1211263
1211264
1211265
1211266
1211267
1211268
1211269
1211270
1211271
1211272
1211273
1211274
1211275
1211276
1211277
1211278
1211279
1211280
1211281
1211361
1211362
1211363
1211364
1211365
1211366
1211367
1211368
1211369
1211370
1211371
1211372
1211373
1211374
1211375
1211376
1211377
1211378
1211379
1211380
1211381
1211382
1211383
1211384
1211385
1211386
1211387
1211388
1211389
1211390
1211391
1211392
1211393
1211432
1211433
1211434
1211435
1211436
1211437
1211438
1211439
1211440
1211441
1211442
1211443
1211444
1211445
1211446
1211447
1211448
1211449
1211450
1211451
1211452
1211453
1211454
1211455
1211456
1211457
1211458
1211459
1211460
1211461
1211462
1211463
1211464
1211500
1211501
1211502
1211503
1211504
1211505
1211506
1211507
1211508
1211509
1211510
1211511
1211512
1211513
1211514
1211515
1211516
1211517
1211518
1211519
1211520
1211521
1211522
1211523
1211524
1211525
1211526
1211527
1211528
1211529
1211530
1211531
1211532
1211746
1211747
1211748
1211749
1211750
1211751
1211752
1211753
1211754
1211755
1211756
1211757
1211758
1211759
1211760
1211761
1211762
1211763
1211764
1211765
1211766
1211767
1211768
1211769
1211770
1211771
1211772
1211773
1211774
1211775
1211776
1211777
1211778
1211797
1211798
1211799
1211800
1211801
1211802
1211803
1211804
1211805
1211806
1211807
1211808
1211809
1211810
1211811
1211812
1211813
1211814
1211815
1211816
1211817
1211818
1211819
1211820
1211821
1211822
1211823
1211824
1211825
1211826
1211827
1211828
1211829
1212284
1212285
1212286
1212287
1212288
1212289
1212290
1212291
1212292
1212293
1212294
1212295
1212296
1212297
1212298
1212299
1212300
1212301
1212302
1212303
1212304
1212305
1212306
1212307
1212308
1212309
1212310
1212311
1212312
1212313
1212314
1212315
1212316
1212762
1212763
1212764
1212765
1212766
1212767
1212768
1212769
1212770
1212771
1212772
1212773
1212774
1212775
1212776
1212777
1212778
1212779
1212789
1212790
1212791
1212792
1212793
1212794
1212795
1212796
1212797
1212798
1212799
1212800
1212801
1212802
1212803
1212804
1213236
12195
12196
12197
12198
12199
1219981
1219982
1219983
1219984
1219985
1219987
1219988
1219989
1219990
1219991
1219992
1219993
12200
1220001
1220003
1220007
1220011
1220022
1220024
1220041
1220043
1220044
1220045
1220047
1220048
1220049
1220051
1220052
1220053
1220054
1220056
1220057
1220058
1220059
1220060
12201
1220138
1220164
1220165
1220166
1220167
1220168
1220169
1220170
1220171
1220172
1220175
1220176
1220177
1220178
1220179
1220180
1220181
1220182
1220183
1220184
1220185
1220186
1220187
1220188
1220189
1220190
1220191
1220192
1220193
1220194
1220195
1220196
1220197
1220198
1220199
12202
1220200
12203
12204
1220469
12205
12206
12207
12208
12209
12210
12211
12212
12213
12214
12215
12216
12217
12218
12219
12220
12223
1222332
1222333
1222334
1222335
1222336
1222337
1222339
1222340
1222342
1222343
1222344
1222345
1222346
1222347
1222348
1222349
1222350
1222351
1222352
1222353
1222355
1222357
1222359
1222360
1222362
1222363
1222364
1222365
1222367
1222368
1222369
1222370
1222371
1222372
1222375
1222376
1222377
12224
12225
1222579
1222580
1222581
1222582
1222583
1222584
1222585
1222586
1222587
1222588
1222589
1222590
1222591
1222592
1222593
1222594
1222597
1222598
1222599
12226
1222600
1222601
1222602
1222603
1222604
1222605
1222606
1222607
1222608
1222609
1222610
1222611
1222612
1222613
1222614
12227
12228
1222811
1222812
1222813
1222814
1222815
1222816
1222817
1222818
1222819
1222820
1222821
1222822
1222823
1222824
1222825
1222826
1222827
1222828
1222829
1222830
1222832
1222833
1222834
1222835
1222836
1222837
1222838
1222839
1222840
1222841
1222842
1222843
1222844
1222845
1222847
12229
12230
1223815
1223816
1223817
1223818
1223819
1223820
1223821
1223822
1223823
1223824
1223825
1223826
1223827
1223828
1223829
1223830
1223831
1223832
1223833
1223834
1223835
1223836
1223837
1223838
1223839
1223840
1223841
1223842
1223843
1223844
1223845
1223846
1223847
1223959
1224482
1226209
1226210
1226211
1226212
1226213
1226214
1226215
1226216
1226217
1226218
1226219
1226220
1226221
1226222
1226223
1226224
1226225
1226226
1226227
1226228
1226229
1226230
1226231
1226232
1226233
1226234
1226235
1226236
1226237
1226238
1226239
1226240
1226243
1226244
1226646
1234350
1234351
1234352
1234353
1234354
1234355
1234356
1234357
1234358
1234359
1234360
1234361
1234362
1234363
1234364
1234365
1234366
1234367
1234368
1234369
1234370
1234371
1234372
1234373
1234374
1234375
1234376
1234377
1234378
1234379
1234380
1234381
1234382
1235473
1236071
1242309
126109
126110
126111
126112
126135
126136
126137
126138
126139
126183
126274
126383
126384
126562
126563
126575
126796
126797
126798
126799
126800
126801
126807
126857
126858
126863
126864
126900
126906
126913
126927
126928
126929
126931
126936
126937
12778
13
13761
13764
13768
13770
13771
13772
13773
14
141968
141969
141970
141971
141972
141973
141974
141975
141976
141977
141978
141979
141980
141981
141982
141983
141984
141985
141986
141987
141988
141989
141990
141991
141992
141993
141994
141995
141996
141997
141998
141999
142000
142001
142002
142003
142004
142005
142006
142007
142008
142009
142010
142579
142630
142637
142638
142639
142640
142646
142746
142757
142758
142759
142764
142823
142847
142848
142849
142854
142928
142930
142932
142934
142935
142936
142937
142938
14335
143835
145
15
155448
155449
155450
155451
155452
155453
155454
155455
155456
155457
155458
155459
155460
155461
155462
155463
155464
155465
155466
155467
155468
155469
155470
155471
155472
155473
155474
155475
155476
155477
155478
155479
155480
155533
155534
155535
155536
155537
155538
155539
155540
155541
155542
155543
155544
155545
155546
155547
155548
155549
155550
155551
155552
155553
155554
155555
155556
155557
155558
155559
155560
155561
155562
155563
155564
155565
155632
155633
155634
155635
155636
155637
155638
155639
155640
155641
155642
155643
155644
155645
155646
155647
155648
155649
155650
155651
155652
155653
155654
155655
155656
155657
155658
155659
155660
155661
155662
155663
155664
155665
155732
156776
16
160166
160167
160168
160169
160170
160171
160172
160173
160174
160175
160176
160177
160178
160179
160180
160181
160182
160183
160184
160185
160186
160187
160188
160189
160190
160191
160192
160193
160194
160195
160196
160197
160198
160393
160394
160395
160396
160397
160398
160399
160400
160401
160402
160403
160404
160405
160406
160407
160408
160409
160410
160411
160412
160413
160414
160415
160416
160417
160418
160419
160420
160421
160422
160423
160424
160425
160513
160581
160586
160785
160786
160787
160788
160789
160790
160791
160792
160793
160794
160795
160796
160797
160798
160799
160800
160801
160802
160803
160804
160805
160806
160807
160808
160809
160810
160811
160812
160813
160814
160815
160816
160817
161131
161132
161133
161134
161135
161136
161137
161138
161746
161983
161984
161985
161986
161987
161988
161989
161990
161991
161992
161993
161994
161995
161996
161997
161998
161999
162000
162001
162002
162003
162004
162005
162006
162007
162008
162009
162010
162011
162012
162013
162014
162015
162198
162686
162687
162688
162689
162690
162691
162692
162693
162694
162695
162696
162697
162698
162699
162700
162701
162702
162703
162704
162705
162706
162707
162708
162709
162710
162711
162712
162713
162714
162715
162716
162717
162718
162782
162783
162784
162785
162786
162787
162788
162789
162790
162791
162792
162793
162794
162795
162796
162797
162798
162799
162800
162801
162802
162803
162804
162805
162806
162807
162808
162809
162810
162811
162812
162813
162814
162908
163142
163143
163144
163145
163146
163147
163148
163149
163150
163151
163152
163153
163154
163155
163156
163157
163158
163159
163160
163161
163162
163163
163164
163166
163167
163168
163169
163170
163171
163173
163174
163175
163177
163178
163271
163272
163273
163274
163275
163276
163277
163278
163279
163280
163281
163282
163283
163284
163285
163286
163287
163288
163289
163290
163291
163292
163293
163294
163295
163296
163297
163298
163299
163300
163301
163302
163303
163304
163458
163459
163461
163464
163468
163472
163880
164068
164323
164586
164587
164602
164628
164629
164630
164631
164632
164633
164634
164635
164800
164803
164805
164806
164807
164808
164809
164810
164811
164812
164813
164814
164816
164846
164847
164866
164962
164964
164966
164967
164969
165118
165119
165123
165874
167686
167687
167688
167689
167690
167691
167692
167693
167694
167695
167696
167697
167698
167699
167700
167701
167702
167703
167704
167705
167706
167707
167708
167709
167710
167711
167712
167713
167714
167715
167716
167717
167718
167719
168039
168944
169404
169932
17
172188
172189
172190
172192
172193
172194
172195
172202
174364
174365
174368
174369
174371
174372
18
189256
189257
189258
189259
189260
189261
189263
189264
189265
189266
189267
189270
189271
189272
189273
189275
189276
189277
189278
189279
189280
189281
189282
189283
189284
189285
189286
189287
189288
189289
189290
189291
189292
189293
189311
189312
189313
189314
189316
189317
189318
189324
189325
189326
189327
189328
189329
189330
189331
189332
189333
189334
189335
189336
189337
189338
189339
189340
189341
189342
189343
189344
189345
189346
189347
189348
189349
189350
189351
189703
189704
189705
189706
189707
189708
189709
189710
189711
189712
189713
189714
189715
189716
189717
189718
189719
189720
189721
189722
189723
189724
189725
189726
189727
189728
189729
189730
189731
189732
189733
189734
189735
189736
189863
189864
189865
189871
189872
189873
189874
189875
189876
189877
189878
189879
189880
189881
189882
189883
189884
189885
189886
189887
189888
189889
189890
189891
189892
189893
189894
189895
189896
189897
189898
189899
189900
189901
189902
189903
189904
189905
189911
19
191429
1942
195026
195027
195028
195029
195030
195031
195032
195033
195034
195035
195036
195037
195038
195039
195040
195041
195042
195043
195044
195045
195046
195047
195048
195049
195050
195051
195052
195053
195054
195055
195056
195057
195058
195122
195149
19950
19951
19952
19953
19954
19955
19956
19957
19958
19959
19960
19961
19962
19963
19964
19965
19966
19967
19968
19969
19970
19971
19972
19973
19974
19975
19976
19977
19985
19986
19987
19988
19989
19990
2
20
201
201770
204653
204654
204710
205235
205236
205237
205238
205239
205240
205241
205242
205243
205244
205245
205246
205247
205248
205250
205255
205292
205294
205296
205298
205326
205348
205356
205357
205369
205370
205371
205375
205406
205436
205438
205978
205979
205980
205981
205982
205983
205984
205985
205986
205987
205988
205989
205990
205991
205992
205993
205994
205995
205996
205997
205998
205999
206000
206001
206002
206003
206004
206005
206006
206007
206008
206009
206010
206011
206258
20676
208873
209023
21
22
223185
223186
223187
223188
223189
223190
223191
223192
223193
223194
223195
223196
223197
223198
223199
223200
223201
223202
223203
223204
223205
223206
223207
223208
223209
223210
223211
223212
223213
223214
223215
223216
223217
223218
22326
225164
22562
22563
22564
22565
22566
22567
22568
22569
22570
22571
22572
22573
22574
22575
22576
22577
22578
22579
22580
22581
22582
22583
22584
22585
22586
22587
22588
22589
22590
22591
22592
22593
22594
22611
22612
226203
226204
226205
226206
226207
226208
226209
226210
226211
226212
226213
226214
226215
226216
226217
226218
226219
226220
226221
226222
226223
226224
226225
226226
226227
226228
226229
226230
226231
226232
226233
226234
226235
226284
226285
226286
226287
226288
226289
226290
226291
226292
226293
226294
226295
226301
226302
226303
226304
226305
226306
226307
226308
226309
226310
226311
226312
226313
226314
226315
226316
226317
226318
226319
226320
226321
226322
226327
226328
226329
226330
226331
226332
226333
226334
226335
226336
226337
226338
226339
226340
226341
226342
226343
226344
226345
226346
226347
226348
226349
226350
226351
226352
226353
226354
226355
226356
226357
226358
226359
226406
227135
227366
227367
227368
227369
227370
227371
227372
227373
227374
227375
227376
227377
227378
227379
227380
227381
227382
227383
227384
227385
227386
227387
227388
227389
227390
227391
227392
227393
227394
227395
227396
227397
227398
227497
227637
227740
227766
227767
227768
227769
227770
227771
227772
227773
227774
227775
227776
227777
227778
227779
227780
227781
227782
227783
227784
227785
227786
227787
227788
227789
227790
227791
227792
227793
227794
227795
227796
227797
227798
228009
228345
23
238530
238531
238532
238533
238534
238535
238536
238537
238538
238539
238540
238541
238542
238543
238544
238545
238546
238547
238548
238549
238550
238551
238552
238553
238554
238555
238556
238557
238558
238559
238560
238561
238562
238625
23967
23968
23969
23970
23971
23972
23973
23974
23975
23976
23977
23978
239788
23979
23980
23981
23982
23983
23984
23985
23986
23987
23988
23989
23990
23991
23992
23993
23994
23995
23996
23997
23998
23999
24
241058
2443
2445
24546
24845
25
25308
2555
25759
25760
25761
25762
25763
25764
25765
25766
25767
25768
25769
25770
25771
25772
25773
25774
25775
25776
25777
25778
25779
25780
25781
25782
25783
25784
25785
25786
25787
25788
25789
25790
25791
25831
25832
25833
25834
25835
25836
25837
25838
25839
25840
25841
25842
25843
25844
25845
25846
25847
25848
25849
25850
25851
25852
25853
25854
25855
25856
25857
25858
25859
25860
25861
25862
25863
25939
25965
2597
26
2603
26031
2604
268408
268409
268410
268411
268412
268413
268414
268415
268416
268417
268418
268419
268420
268421
268425
268426
268427
268428
268429
268430
268431
268432
268433
268434
268435
268436
268437
268438
268439
268440
268441
268442
268443
268444
268445
268446
268447
268448
268449
268450
268451
268452
268453
268454
268455
268456
268457
268563
268569
268578
268579
268580
268581
268582
268583
268584
268585
268586
268587
268588
268589
268590
268591
268592
268593
268594
268595
269526
27
27565
27566
27567
27568
27569
27570
27571
27572
27573
27574
27575
27576
27577
27578
27579
27580
27581
27582
27583
27584
27585
27586
27587
27588
27589
27590
27591
27592
27593
27594
27595
27596
27597
276186
27624
277815
277816
277817
277818
277819
277834
277835
277836
277837
277838
277839
277840
277841
277842
277843
277844
277845
277846
277847
277848
277849
277850
277851
277852
277853
277854
277855
277856
277857
277858
277859
277860
277861
277862
27789
278781
28
28069
2815
283
284632
284633
284634
284635
284636
284637
284638
284639
284640
284641
284682
284683
284684
284685
284686
284687
284688
284689
284690
284691
284692
284693
284694
284695
284696
284697
284702
284703
284704
284705
284706
284707
284708
284709
285543
285596
288340
288341
288342
288343
288344
288345
288346
288347
288348
288349
288350
288351
288352
288353
288354
288355
288356
288357
288358
288359
288360
288361
288362
288363
288364
288365
288366
288367
288368
288369
288370
288371
288372
288468
288567
288568
288569
288570
288571
288572
288573
288574
288575
288576
288577
288578
288579
288580
288581
288582
288583
288584
288585
288586
288587
288588
288589
288590
288591
288592
288593
288594
288595
288596
288597
288598
288599
288611
288884
288885
288886
288887
288888
288889
288890
288891
288892
288893
288894
288895
288896
288897
288898
288899
288900
288901
288902
288903
288904
288905
288906
288907
288908
288909
288910
288911
288912
288913
288914
288915
288916
289044
289214
289215
289216
289217
289218
289219
289220
289221
289222
289223
289224
289225
289226
289227
289228
289229
289230
289231
289232
289233
289234
289235
289236
289237
289238
289239
289240
289241
289242
289243
289244
289245
289246
289251
289453
289454
289455
289456
289457
289458
289459
289460
289461
289462
289463
289464
289465
289466
289467
289468
289469
289470
289471
289472
289473
289474
289475
289476
289477
289478
289479
289480
289481
289482
289483
289484
289485
289525
29
290109
290359
290360
290361
290362
290363
290364
290365
290366
290367
290368
290369
290370
290371
290372
290373
290374
290375
290376
290377
290378
290379
290380
290381
290382
290383
290384
290385
290386
290387
290388
290389
290390
290391
290394
290452
2913
2914
295544
298639
298640
298641
298642
298643
298644
298645
298646
298647
298648
298649
298650
298651
298652
298653
298654
298655
298656
298657
298658
298659
298660
298661
298662
298663
298664
298665
298666
298667
298668
298669
298670
298671
298672
298686
298800
3
30
305212
305213
305214
305215
305216
305217
305218
305219
305220
305221
305222
305223
305224
305225
305238
305239
305242
305244
305288
305358
305359
305440
305446
305448
305449
305451
305453
305457
305490
305498
305518
305526
305543
305618
305619
306888
306889
306890
306891
306892
306893
306894
306895
306896
306897
306898
306899
306900
306901
306902
306903
306904
306905
306906
306907
306908
306909
306910
306911
306912
306913
306914
306915
306916
306917
306918
306919
306920
306941
307669
31
311150
317234
317235
317236
317237
317238
317239
317240
317241
317242
317243
317244
317245
317246
317247
317248
317249
317250
317251
317252
317253
317254
317255
317256
317257
317258
317259
317260
317261
317262
317263
317264
317265
317266
317269
317270
317271
317272
317273
317274
317275
317276
317277
317278
317279
317280
317281
317282
317283
317284
317285
317286
317305
317306
317307
317308
317309
317310
317311
317312
317313
317314
317315
317316
317317
317318
317319
317320
317472
317473
317474
317475
317476
317477
317478
317479
317480
317481
317482
317483
317484
317485
317486
317487
317488
317489
317490
317491
317492
317493
317494
317495
317496
317497
317498
317499
317500
317501
317502
317503
317504
317510
317574
32
320603
325213
325214
325223
325239
325240
325275
325367
325369
325397
325402
325496
325497
325505
325511
325520
325524
325532
325534
325535
325607
325615
325616
325617
325618
325665
325696
325742
325784
325790
325867
325868
325869
325878
325879
325885
3267
33
332
333
334
334780
335
336
337
338
339
339065
339066
339067
339068
339069
339070
339071
339077
339078
339079
339080
339081
339082
339083
339084
339085
339086
339087
339088
339089
339090
339091
339092
339093
339094
339095
339096
339097
339098
339099
339100
339101
339102
339103
339629
34
340
340060
340061
340062
340063
340064
340086
340087
340089
340091
340092
340093
340094
340095
340096
340097
340098
340099
340100
340101
340102
340103
340104
340105
340106
340107
340108
340109
340110
340112
340113
340114
340115
340116
340117
341
341077
342
343
343772
344
35
3556
357413
357414
357415
357416
357417
357418
357419
357420
357421
357422
357427
357430
357431
357432
357433
357434
357435
357436
357437
357438
357439
357440
357441
357442
357443
357444
357445
357446
357447
357448
357449
357450
357451
357452
358101
358796
36
364473
364474
364483
365454
365462
365466
365467
365600
365601
365602
365603
365604
365605
365606
365607
365608
365609
365610
365611
365612
365613
365614
365615
365616
365617
365618
365619
365620
365621
365622
365623
365624
365625
365626
365627
365628
365629
365630
365631
365632
365633
365645
365646
365647
365648
365649
365650
365651
365652
365653
365654
365655
365656
365657
365658
365659
365660
365661
365662
365663
365664
365665
365666
365667
365668
365669
365670
365671
365672
365673
365674
365675
365676
365677
365685
365944
365945
365946
365950
365953
366879
367036
367037
367038
367039
367040
367041
367042
367045
367145
367146
367147
367274
367776
367781
367789
367876
368426
368427
368428
368429
368430
368433
368434
368435
368436
368437
368438
368439
368440
368441
368442
368443
368444
368445
368446
368447
368448
368449
368450
368451
368452
368453
368454
368455
368456
368457
368458
368459
368460
368461
368502
368503
368504
368505
368506
368507
368508
369162
369163
369164
369165
369166
369167
369168
369169
369170
369171
369172
369173
369174
369175
369176
369177
369178
369179
369180
369181
369182
369183
369184
369185
369186
369187
369188
369189
369190
369191
369192
369193
369194
369236
369385
369386
369387
369388
369389
369390
369391
369392
369393
369394
369395
369396
369397
369398
369402
369403
369404
369405
369406
369426
369434
369614
369615
369616
369617
369618
369619
369620
369621
369622
369623
369624
369625
369626
369627
369628
369629
369630
369631
369632
369633
369634
369635
369636
369637
369638
369639
369640
369641
369642
369643
369644
369645
369646
369959
369965
369966
369969
37
370052
370053
370081
370092
370093
370094
370096
370097
370098
370099
370100
371196
371197
371198
371199
371201
371202
371212
371213
371214
371215
371216
371217
371218
371219
371220
371221
371222
371223
371224
371225
371226
371227
371228
371229
371230
371231
371232
371233
371234
371235
371236
371237
371238
371239
371240
371241
371242
371243
371244
371396
371397
371399
371401
371402
371404
371405
371406
371407
371408
371410
371414
371419
371422
371423
371427
371429
371430
371431
371433
371437
371440
371441
371442
371443
371444
371448
371449
371450
371591
374912
374913
374914
374915
374916
374917
374918
374919
374920
374921
374922
374923
374924
374925
374926
374927
374928
374929
374930
374931
374932
374933
374934
374937
374945
374958
374959
374960
374961
374962
374963
374964
374965
374966
375036
375037
375038
375039
375040
375041
375042
375043
375044
375045
375046
375047
375048
375049
375050
375051
375052
375053
375054
375055
375056
375057
375058
375059
375060
375061
375062
375063
375064
375065
375066
375067
375068
375069
375070
375071
375072
375073
375076
375077
375083
375089
375090
375091
375092
375093
375300
375335
375337
375369
375372
375383
375384
375385
375386
375387
375388
375389
375390
375391
375392
375393
375394
375395
375397
375398
375570
376322
376976
376977
376978
376979
376980
376981
376982
376983
376984
376985
376986
376987
376988
376989
376990
376991
376992
376993
376994
376995
376996
376997
376998
376999
377000
377001
377002
377003
377004
377005
377006
377007
377008
377024
377025
377026
377027
377028
377029
377030
377031
377032
377033
377034
377035
377036
377037
377038
377039
377040
377041
377042
377043
377044
377045
377046
377047
377048
377049
377050
377051
377052
377053
377054
377055
377056
377182
377441
377442
377443
377444
377445
377446
377447
377448
377449
377450
377451
377454
377455
377456
377457
377458
377459
377460
377461
377462
377463
377464
377465
377466
377467
377468
377469
377470
377471
377472
377473
377474
377475
377476
377595
377596
377597
377598
377601
377602
377603
377605
377606
377607
377608
377609
377610
377611
377612
377613
377614
377615
377616
377617
377618
377619
377620
377621
377622
377623
377624
377625
377626
377627
377628
377629
377630
377631
377637
38
380389
380390
380391
380392
380393
380394
380395
380396
380397
380398
380399
380400
380401
380402
380403
380404
380405
380406
380407
380408
380409
380410
380411
380412
380413
380414
380415
380416
380417
380418
380419
380420
380421
380433
380434
380435
380436
380437
380438
380439
380440
380441
380442
380443
380444
380445
380446
380447
380448
380449
380450
380451
380452
380453
380454
380455
380456
380457
380458
380459
380460
380461
380462
380463
380464
380465
380487
380488
380489
380490
380491
380492
380493
380494
380495
380496
380497
380498
380499
380500
380501
380502
380503
380504
380505
380506
380507
380508
380509
380510
380511
380512
380513
380514
380515
380516
380517
380518
380519
380534
380535
380536
380537
380538
380539
380540
380541
380542
380543
380544
380545
380546
380547
380548
380549
380550
380551
380552
380553
380554
380555
380556
380557
380558
380559
380560
380561
380562
380563
380564
380565
380566
380602
380603
380604
380605
380606
380607
380608
380609
380610
380611
380612
380613
380614
380615
380616
380617
380618
380619
380620
380621
380622
380623
380624
380625
380626
380627
380628
380629
380630
380631
380632
380633
380634
380649
380650
380651
380652
380653
380654
380655
380656
380657
380658
380659
380660
380661
380662
380663
380664
380665
380666
380667
380668
380669
380670
380671
380672
380673
380674
380675
380676
380677
380678
380679
380680
380681
380927
380928
380929
380930
380931
380932
380933
380934
380935
380936
380937
380938
380939
380940
380941
380942
380943
380944
380945
380946
380947
380948
380949
380950
380951
380952
380953
380954
380955
380956
380957
380958
380959
381134
381135
381136
381137
381138
381139
381140
381141
381142
381143
381144
381145
381146
381147
381148
381149
381150
381151
381152
381153
381154
381155
381156
381157
381158
381159
381160
381161
381162
381163
381164
381165
381166
381790
381791
381792
381793
381794
381795
381796
381797
381798
381799
381800
381801
381802
381803
381804
381805
381806
381807
381808
381809
381810
381811
381812
381813
381814
381815
381816
381817
381818
381819
381820
381821
381822
381920
381921
381922
381923
381924
381925
381926
381927
381928
381929
381930
381931
381932
381933
381934
381935
381936
381937
381938
381939
381940
381941
381942
381943
381944
381945
381946
381947
381948
381949
381950
381951
381952
382130
382567
3840
3842
3843
3844
389149
389150
389151
389152
389153
389154
389155
389156
389157
389158
389159
389160
389161
389162
389163
389164
389165
389166
389167
389168
389169
389170
389171
389172
389173
389174
389175
389176
389177
389178
389179
389180
389184
389185
389235
389376
389377
389378
389379
389380
389381
389382
389383
389384
389385
389386
389387
389388
389389
389390
389391
389392
389393
389394
389395
389398
389399
389400
389401
389402
389403
389404
389405
389406
389407
389408
389409
389410
389411
389416
389417
389428
389439
389440
389474
389529
389530
389531
389532
389533
389534
389535
389536
389607
389608
389714
389720
389721
389723
389726
389728
389730
389738
389739
389743
389745
389748
389756
389757
389758
389760
389782
389786
389787
389797
39
391938
391939
391940
391941
391943
391945
391946
391948
391950
391953
391956
391957
391958
391959
391960
391961
391962
391963
391964
391965
391966
391967
391968
391969
391970
391971
391972
391973
391976
391977
391978
391979
391980
391981
392030
392031
392032
392033
392034
392035
392036
392037
392038
392039
392040
392041
392042
392043
392044
392045
392046
392047
392048
392049
392050
392052
392053
392054
392055
392056
392057
392058
392060
392061
392126
392128
392146
392147
392250
393280
393281
393282
393283
393284
393285
393286
393293
393294
393295
393296
393297
393298
393299
393300
393301
393302
393303
393304
393305
393306
393307
393308
393309
393310
393311
393312
393313
393314
393315
393316
393317
393318
393319
393320
393321
394461
394462
394539
394541
394815
394816
394817
394818
394819
394820
394821
394822
394869
394897
395190
395359
395376
395393
395394
395395
395396
395397
395398
395399
395400
395401
395402
395403
395404
395405
395406
395407
395408
395409
395410
395411
395412
395413
395414
395415
395416
395417
395418
395419
395420
395421
395422
395423
395424
395425
395434
395476
395558
395559
395560
395561
395562
395563
395564
395565
395566
395567
395568
395569
395570
395571
395572
395573
395574
395575
395576
395577
395578
395579
395580
395581
395582
395583
395584
395585
395586
395587
395588
395589
395590
395601
395602
395608
395609
395612
395616
395617
395618
395619
395623
395624
395630
395631
395632
395775
396032
4
40
400717
400718
400719
400720
400721
400722
400723
400724
400725
400726
400727
400728
400729
400730
400731
400732
400733
400734
400735
400736
400737
400738
400739
400740
400741
400742
400743
400744
400745
400746
400747
400748
400749
400847
401168
403566
403567
403568
403569
403570
403571
403572
403573
403574
403575
403576
403577
403578
403579
403580
403581
403582
403583
403584
403585
403586
403587
403588
403589
403590
403591
403592
403593
403594
403595
403596
403597
403598
404129
407565
412240
412241
412315
412357
412390
412406
412407
412408
412409
413043
413097
413098
413100
413101
413105
413106
413137
413195
413204
413205
413206
413207
413208
413209
413210
413211
413212
413213
413220
413295
413298
413299
413311
413316
413321
413322
41385
41386
41387
41388
41389
41390
41391
41392
41393
41394
41395
41396
41397
41398
41399
41400
41401
41402
41403
41404
41405
41406
41407
41408
41409
41410
41411
41412
41413
41414
41415
41416
41417
41418
427857
427858
427859
427860
427861
427862
427863
427864
427865
427866
427867
427868
427869
427870
427871
427872
427873
427874
427875
427876
427877
427878
427879
427880
427881
427882
427883
427884
427885
427886
427887
427888
427889
427908
427957
427958
427959
427960
427961
427962
427963
427964
427965
427966
427967
427968
427969
427970
427971
427972
427973
427974
427975
427976
427977
427978
427979
427980
427981
427982
427983
427984
427985
427986
427987
427988
427989
428244
428492
428493
428494
428495
428496
428497
428498
428499
428500
428501
428502
428503
428504
428505
428506
428507
428508
428509
428510
428511
428512
428513
428514
428515
428516
428517
428518
428519
428520
428521
428522
428523
428524
428566
429397
429973
430251
430252
430253
430254
430255
430256
430257
430258
430259
430260
430261
430262
430263
430264
430265
430266
430267
430268
430269
430270
430271
430272
430273
430274
430275
430276
430277
430278
430279
430280
430281
430282
430283
430409
430678
43161
433503
43663
438082
438083
438084
438085
438086
438087
438088
438089
438090
438091
438092
438093
438094
438095
438096
438097
438098
438099
438100
438101
438102
438103
438104
438105
438106
438107
438108
438109
438110
438111
438112
438113
438114
438128
438171
439642
439643
439644
439645
439646
439647
439648
439649
439650
439651
439652
439653
439654
439655
439656
439657
439658
439659
439660
439661
439662
439663
439664
439665
439666
439667
439668
439669
439670
439671
439672
439673
439674
439885
440452
440455
441384
441385
441386
441387
441388
441389
441390
441391
441392
441393
441394
441395
441396
441397
441398
441399
441400
441401
441402
441403
441404
441405
441406
441407
441408
441409
441410
441411
441412
441413
441414
441415
441416
441521
441528
441598
446770
446771
446772
446773
446774
446775
446776
446777
446778
446779
446803
446804
446805
446818
446819
446820
446821
446822
446823
446824
446825
446826
446827
446828
446829
446830
446831
446832
446833
446834
446835
446836
446837
446838
446974
447468
4479
4480
449
449183
449184
449185
449186
449187
449188
449189
449190
449191
449192
449193
449194
449195
449196
449197
449198
449199
449200
449201
449202
449203
449204
449205
449206
449207
449208
449209
449210
449211
449212
449213
449214
449215
449256
449269
449401
449402
449403
449404
449405
449406
449407
449408
449409
449410
449411
449412
449413
449414
449415
449416
449417
449418
449419
449420
449421
449422
449423
449424
449425
449426
449427
449428
449429
449430
449431
449432
449433
449448
449699
449714
449715
449716
449717
449718
449719
449720
449721
449722
449723
449724
449725
449726
449727
449728
449729
449730
449731
449732
449733
449734
449735
449736
449737
449738
449739
449740
449741
449742
449743
449744
449745
449746
449747
449780
449781
449782
449783
449784
449785
449786
449787
449788
449789
449790
449791
449792
449793
449794
449795
449796
449797
449798
449799
449800
449801
449802
449803
449804
449805
449806
449807
449808
449809
449810
449811
449812
449813
450
451
452
453
453085
453234
454
455
4560
459102
459103
459104
459105
459106
459107
459108
459109
459110
459111
459112
459113
459114
459115
459116
459117
459118
459119
459120
459121
459122
459123
459124
459125
459126
459127
459128
459129
459130
459131
459132
459133
459134
459232
459975
459979
464362
464363
464364
464365
464366
464367
464368
464369
464370
464371
464372
464373
464374
464375
464376
464377
464378
464379
464380
464381
464382
464383
464384
464385
464386
464387
464388
464389
464390
464391
464392
464393
464394
464395
464441
464476
464944
464945
464946
464947
464948
464949
464950
464951
464952
464953
464954
464955
464956
464957
464958
464959
464960
464961
464962
464963
464964
464965
464967
464968
464969
464970
464971
464972
464973
464974
464975
464976
464977
464978
464991
464995
465014
465015
465016
465017
465018
465019
465020
465021
465022
465023
465024
465025
465026
465027
465028
465029
465030
465031
465032
465033
465034
465105
465106
465107
465108
465109
465110
465111
465112
465113
465114
465115
465116
465117
465118
465119
465120
465121
465122
465123
465124
465125
465126
465127
465128
465129
465130
465131
465132
465133
465134
465135
465136
465137
465209
465238
465239
465240
465241
465242
465247
465248
465249
465250
465255
465326
465341
465362
465404
465405
465406
465407
465408
465409
465410
465411
465412
465413
465414
465415
465416
465417
465418
465419
465420
465421
465422
465423
465424
465425
465426
465427
465428
465429
465430
465431
465432
465433
465434
465435
465436
465442
465646
468212
469661
469662
469663
469664
469665
469666
469668
469669
469670
469671
469672
469673
469674
469675
469676
469677
469678
469679
469680
469681
469682
469683
469684
469685
469686
469687
469688
469689
469690
469691
469692
469693
469694
469695
469696
469705
469711
469712
469713
469714
469715
469716
469717
469718
469719
469720
469721
469722
469723
469724
469725
469726
469727
469728
469729
469730
469731
469732
469733
469734
469735
469736
469737
469738
469739
469740
469741
469742
469743
469770
469771
469772
469773
469774
469775
469776
469777
469778
469779
469780
469781
469782
469783
469784
469785
469786
469787
469788
469789
469790
469791
469792
469793
469794
469795
469796
469797
469798
469799
469800
470172
470195
470340
470341
470343
470344
470345
470346
470347
470348
470349
470350
470351
470352
470353
470354
470355
470356
470357
470358
470359
470360
470361
470362
470363
470364
470365
470366
470367
470368
470369
470370
470371
470372
470373
470374
470375
470377
470378
470379
470380
470381
470382
470384
470386
470387
470389
470391
470392
470396
470397
470426
470427
470428
470465
470468
470719
471859
472841
474007
474163
474168
474173
474174
474177
474178
474180
474184
474187
474195
479533
49656
49657
49658
49659
49660
49661
49662
49663
49665
49666
49667
49668
49670
49671
49672
49673
49674
49675
49676
49677
49678
49679
49680
49681
49682
49683
49684
49685
49686
49687
49688
49689
49690
49691
49705
49706
49707
49708
49709
49710
49711
49712
49713
49714
49715
49716
49717
49718
49719
49720
49721
49722
49723
49724
497245
497246
497247
497248
497249
49725
497250
497251
497252
497253
497254
497255
497256
497257
497258
497259
49726
497260
497261
497262
497263
497264
497265
497266
497267
497268
497269
49727
497270
497271
497272
497273
497274
497275
497276
497277
49728
49729
49732
497337
49735
49738
49741
49746
49748
49749
49751
49752
49753
49754
49755
49756
49757
49758
497588
49759
49760
49761
49762
49763
49764
49765
49766
49767
49768
49769
49770
49771
49772
49773
49774
49775
49776
49777
49778
49779
49780
49781
49852
49853
49854
49855
49856
49857
49858
49859
49860
49861
49862
49863
49864
49865
49866
49867
49868
49869
49870
49871
49872
49873
49874
49875
49876
49877
49878
49879
49880
49881
49882
49883
49884
49885
49886
499170
49985
5
50017
50018
50019
50020
50021
50305
50306
50307
50308
50309
50310
50311
50312
50313
50314
50315
50316
50317
50318
50319
50320
50321
50322
50323
50324
50325
50326
50327
50328
50329
50330
50331
50332
50333
50334
50335
50336
50337
50362
503945
503946
503947
503948
503949
503950
503951
503952
503953
503954
503955
503956
503957
503959
503967
503968
503969
503970
503971
503972
503973
503974
503975
503976
503977
503978
503979
503980
503981
503982
503983
503984
503985
503986
503987
50411
504231
50461
50462
50463
50464
50465
50466
504869
50496
50497
50498
50502
50503
50504
50505
50506
50507
50508
50509
50510
50511
50526
50676
50678
50679
50680
50681
50682
50683
50684
50685
50686
50687
50688
50689
50690
50691
513351
513352
513353
513354
513355
513356
513357
513358
513359
513360
513361
513364
513365
513366
513367
513368
513369
513370
513371
513372
513373
513374
513375
513376
513377
513378
513379
513380
513381
513382
513383
513384
513385
513386
513429
513430
513431
513432
513433
513434
513435
513436
513437
513438
513439
513440
513441
513442
513443
513444
513445
513446
513447
513448
513449
513450
513451
513452
513453
513454
513455
513456
513457
513458
513459
513460
513461
513468
513469
513470
513471
513472
513473
513474
513475
513476
513477
513478
513479
513480
513481
513482
513483
513484
513485
513486
513487
513488
513489
513490
513491
513492
513493
513494
513495
513496
513497
513498
513499
513500
513501
513502
513505
513506
513507
513508
513509
513510
513511
513512
513513
513514
513515
513516
513517
513518
513519
513520
513521
513522
513523
513524
513525
513526
513527
513528
513529
513530
513531
513532
513533
513534
513535
513536
513537
513538
513539
513540
513541
513542
513543
513544
513545
513546
513547
513548
513549
513550
513551
513555
513556
513557
513558
513559
513560
513561
513562
513563
513564
513565
513566
513567
513568
513569
513570
513571
513572
513573
513574
513575
513576
513577
513578
513579
513580
513581
513582
513583
513584
513585
513586
513587
513783
513889
516143
516144
516145
516146
516147
516148
516149
516150
516151
516152
516153
516154
516155
516156
516157
516158
516159
516160
516161
516162
516163
516164
516165
516166
516167
516168
516169
516170
516171
516172
516173
516174
516175
516218
516219
516220
516221
516222
516223
516224
516225
516226
516227
516228
516229
516230
516231
516232
516233
516234
516235
516236
516237
516238
516239
516240
516241
516242
516243
516244
516245
516246
516247
516248
516249
516250
516301
516831
523922
525474
525475
525476
525477
525478
525479
525480
525481
525482
525483
525484
525485
525486
525487
525488
525489
525490
525491
525492
525493
525494
525495
525496
525497
525498
525499
525500
525501
525502
525503
525504
525505
525506
525507
525567
526344
526378
5288
52898
54444
54445
54446
54447
54448
54449
54450
54451
54452
54453
54454
54455
54456
54457
54458
54459
54460
54461
54462
54463
54464
54465
54466
54467
54468
54469
54470
54471
54472
54473
54474
54475
54476
54478
54479
54480
54481
54482
54483
54484
54485
54486
54487
54488
54489
54490
54491
54492
54493
54494
54495
54496
54497
54498
54499
54500
54501
54502
54503
54504
54505
54506
54507
54508
54509
54510
54523
547836
547837
547838
547839
547840
547841
547842
547843
547844
547845
547846
547847
547848
547849
547850
547851
547852
547853
547854
547855
547856
547857
547858
547859
547860
547861
547862
547863
547864
547865
547866
547867
547868
547902
548004
548056
54888
55108
55109
55113
55115
55117
55118
55121
55122
55123
55124
55125
55138
55139
55140
55169
55222
557872
557873
558059
558533
558659
558726
559172
559187
560233
560234
560238
560239
560241
560242
560249
560250
560251
560738
560756
560762
560763
560764
560765
560766
560767
560782
560784
560786
560787
560788
560789
560790
560793
560794
560798
561860
571589
571590
571591
571592
571593
571594
571595
571596
571597
571598
571599
571600
571601
571602
571603
571604
571605
571606
571607
571608
571609
571610
571611
571612
571613
571614
571615
571616
571617
571618
571619
571620
571621
571666
571691
572452
5760
576366
576367
576368
576369
576370
576371
576372
576373
576374
576375
576376
576377
576378
576379
576380
576381
576382
576383
576384
576385
576386
576387
576388
576389
576390
576391
576392
576393
576394
576395
576396
576397
576398
576499
576576
576608
57675
577814
577815
577816
577817
577818
577819
577820
577821
577822
577823
577824
577825
577826
577827
577828
577829
577830
577831
577832
577833
577834
577835
577836
577837
577838
577839
577840
577841
577842
577843
577844
577845
577846
578079
578080
578081
578082
578083
578084
578085
578086
578087
578088
578089
578090
578091
578092
578093
578094
578095
578096
578097
578098
578099
578100
578101
578102
578103
578104
578105
578106
578107
578108
578109
578110
578111
578165
578166
578167
578168
578169
578170
578171
578172
578173
578174
578175
578176
578177
578178
578179
578180
578181
578182
578183
578184
578185
578186
578187
578188
578189
578190
578191
578192
578193
578194
578195
578196
578197
578198
578221
578997
578998
579005
579024
579030
579031
579032
579033
579034
579035
579036
579037
579038
579039
579040
579041
579042
579043
579044
579045
579046
579047
579048
579049
579050
579051
579052
579053
579054
579055
579056
579057
579058
579059
579060
579061
579062
579063
579064
579065
579066
579069
579073
579075
579080
579087
579096
579098
579101
579107
579109
579113
579116
579125
579127
579135
579145
579151
579162
579171
579173
579196
579201
579240
579243
579251
579254
579316
579317
579324
579327
579329
579333
579337
579340
579342
579346
579349
579353
579357
579358
579359
579360
579361
579362
579363
579364
579365
579366
579367
579368
579369
579370
579371
579372
579373
579374
579375
579376
579377
579378
579379
579380
579381
579382
579383
579384
579385
579386
579387
579388
579389
579780
579781
579782
579783
579784
579785
579786
579787
579788
579789
579790
579791
579792
579793
579794
579795
579796
579797
579798
579799
579800
579801
579802
579803
579804
579805
579806
579807
579808
579809
579810
579811
579812
579813
579814
579815
579816
579817
579818
579819
579820
579821
579822
579823
579824
579825
579826
579827
579828
579829
579830
579831
579832
579833
579834
579835
579836
579837
579838
579839
579840
579841
579842
579843
579844
579845
579846
579847
580132
580133
580136
580452
580465
580487
580488
580489
580490
580491
580492
580493
580494
580495
580614
580682
580684
580686
580690
580692
580693
580720
580857
580858
580859
580860
580861
580862
580863
580864
580865
580866
580867
580868
580869
580870
580871
580872
580873
580874
580875
580876
580877
580878
580879
580880
580881
580882
580883
580884
580885
580886
580887
580888
580889
580890
580891
580892
580893
580894
580895
580896
580897
580898
580899
580903
580906
580908
580912
580914
580917
580918
580920
580922
580924
580926
580928
580930
580933
580954
580955
580956
580957
580970
581518
581519
581520
581521
581529
581700
583503
583504
583505
583506
583507
583508
583509
583510
583511
583512
583513
583514
583515
583516
583517
583518
583519
583520
583521
583522
583523
583524
583525
583526
583527
583528
583529
583530
583531
583532
583533
583534
583535
583837
584771
585000
58920
58928
58938
58941
58946
58948
58949
6
604620
604621
604622
604623
604624
604628
604629
604630
604631
604632
604635
604636
604637
604638
604639
604640
604641
604642
604643
604644
604645
604646
604647
604648
604649
604650
604651
604652
604653
604654
604655
604656
604657
604658
604665
604666
604667
604668
604669
604670
604671
604672
604673
604674
604675
604676
604677
604679
604680
604682
604686
604687
604688
604689
604691
604692
604693
604694
604695
604696
604697
604698
604699
604700
604701
604702
604703
604704
604705
605229
605230
605231
605232
605233
605234
605254
605257
605269
605273
605274
605286
605288
605289
605290
605291
605292
605293
605294
605295
605296
605297
605298
605299
605300
605301
605302
605303
605304
605305
605306
605307
605308
605309
605310
605311
605312
605313
605314
605315
605316
605317
605318
605319
605320
605321
605322
605325
605666
605674
605676
605678
605680
606058
606059
606060
606061
606062
606063
606237
606238
606249
606282
606293
606300
606303
606306
606307
606318
608546
615470
615471
615472
615473
615474
615475
615476
615477
615478
615479
615480
615481
615482
615483
615484
615485
615486
615487
615488
615489
615490
615491
615492
615493
615494
615495
615496
615497
615498
615499
615500
615501
615502
615566
615629
617027
619918
619919
619920
619921
619922
619923
619924
619925
619926
619927
619928
619929
619930
619931
619932
619933
619934
619935
619936
619937
619938
619939
619940
619941
619942
619943
619944
619945
619946
619947
619948
619949
619950
619951
620638
621110
621111
621112
621113
621114
621115
621116
621117
621118
621119
621120
621121
621122
621123
621124
621125
621126
621127
621128
621129
621130
621131
621132
621133
621134
621135
621136
621137
621138
621139
621140
621141
621142
621205
622886
622887
622888
622889
622890
622891
622892
622893
622894
622895
622896
622897
622898
622899
622900
622901
622902
622903
622904
622905
622906
622907
622908
622909
622910
622911
622912
622913
622914
622915
622916
622917
622918
622958
624083
624224
627809
627810
627811
627812
627819
627823
627824
627843
627844
627845
627846
627847
627848
627849
627850
627851
627852
627853
627854
627855
627856
627857
627858
627859
627860
627869
627876
627877
627883
627896
627903
627909
627910
627911
629
629599
631992
637342
637343
637344
637345
637346
637347
637348
637349
637350
637351
637352
637353
637354
637355
637356
637357
637358
637359
637360
637362
637363
637364
637365
637366
637367
637368
637369
637370
637371
637394
637407
637408
637409
637410
637698
638479
638480
638481
638482
638483
638484
638485
638486
638487
638488
638489
638490
638491
638492
638493
638494
638495
638496
638497
638498
638499
638500
638501
638502
638503
638504
638505
638506
638507
638508
638509
638510
638511
638512
638558
638559
638560
638561
638562
638563
638564
638565
638566
638567
638568
638569
638570
638571
638572
638573
638574
638638
638640
638759
638812
638821
638870
639156
639157
639158
639159
639160
639191
639193
639194
639218
639243
639247
640331
641419
641420
641421
641422
641423
641424
641425
641426
641427
641428
641429
641430
641431
641432
641433
641434
641435
641436
641437
641438
641439
641440
641441
641442
641443
641444
641445
641446
641447
641448
641449
641450
641451
641475
641643
641644
641645
641646
641647
641648
641649
641650
641651
641652
641653
641654
641655
641656
641657
641658
641659
641660
641661
641662
641663
641664
641665
641666
641667
641668
641669
641670
641671
641672
641675
641676
641677
641678
641696
641697
641698
641699
641700
641701
641702
641703
641704
641705
641706
641707
641708
641709
641710
641711
641712
641713
641714
641715
641716
641717
641718
641719
641720
641721
641722
641723
641724
641725
641726
641727
641728
641729
641730
642294
642528
642529
642530
642531
642532
642533
642534
642535
642536
642537
642538
642539
642540
642541
642542
642543
642544
642545
642546
642547
642548
642549
642550
642551
642552
642553
642554
642555
642556
642557
642558
642559
642560
642561
642708
642709
642710
642711
642712
642713
642714
642715
642716
642717
642730
642757
642758
642761
642762
642763
642764
642766
642767
642768
642769
642770
642771
642772
642773
642774
642775
642776
642810
642811
642812
642813
642814
642832
642833
642878
64359
64389
64390
64391
645546
645547
645548
645549
645550
645551
645552
645553
645554
645555
645556
645557
645558
645559
645560
645561
645562
645563
645564
645565
645566
645567
645568
645569
645570
645571
645572
645576
645577
645578
645604
645606
645607
645608
645612
656384
657726
657727
657728
657733
657736
657737
657738
657741
657744
657745
657746
657750
657751
657752
657758
657761
657762
657763
657764
657765
657766
657767
657768
657769
657770
657772
657773
657779
657780
657781
657784
657785
657794
657799
657808
65970
66066
66081
66604
66607
66608
66609
66610
67529
67530
67531
67532
67533
67534
67535
67536
67537
67538
67539
67540
67543
67544
67545
67546
67548
67549
67550
67551
67552
67553
67554
67555
67556
67557
67558
67559
67560
67561
67562
67563
67564
67578
67579
683929
683930
683931
683932
683933
683934
683935
683936
683937
683938
683939
683940
683941
683942
683943
683944
683945
683946
683947
683948
683949
683950
683951
683952
683953
683969
683970
683971
683972
683973
683974
683975
683976
683977
683978
683996
683997
683998
683999
684000
684001
684002
684003
684004
684005
684006
684007
684008
684009
684010
684011
684012
684013
684014
684015
684016
684017
684018
684019
684020
684021
684022
684023
684024
684025
684026
684027
684028
684106
684107
684108
684109
684110
684111
684112
684113
684114
684115
684116
684117
684118
684119
684120
684121
684122
684123
684124
684125
684126
684127
684128
684129
684130
684131
684132
684133
684151
684154
684155
684156
684157
691736
693357
693358
693359
693360
693361
693362
693363
693364
693365
693366
693367
693368
693369
693370
693371
693372
693373
693374
693375
693376
693377
693378
693379
693380
693381
693382
693383
693384
693385
693386
693387
693388
693389
693391
693392
693393
693394
693395
693396
693415
693416
693417
693418
693419
693420
693421
693422
693423
693424
693425
693426
693427
693428
693429
693430
693431
693432
693433
693434
693435
693436
693437
693438
693439
693440
693441
693442
693461
693462
693463
693464
693465
693466
693467
693468
693469
693470
693471
693472
693473
693474
693475
693476
693477
693478
693479
693480
693481
693482
693483
693484
693639
693640
693641
693642
693643
693644
693645
693693
693694
693695
693696
693968
6960
6962
697923
69799
69800
69801
69802
69803
69804
69805
69806
69807
69808
69809
69810
69811
69812
69813
69814
69815
69816
69817
69818
69819
69820
69821
69822
69823
69824
69825
69826
69827
69828
69829
69830
69831
69850
7
700189
700190
700191
700192
700193
700194
700195
700196
700197
700198
700199
700200
700201
700202
700203
700204
700245
700246
700247
700248
700249
700250
700251
700252
700253
700254
700255
700256
700257
700258
700259
700260
700261
700262
700263
700413
701150
70156
704873
704874
704875
704876
704877
704878
704879
704880
704881
704882
704883
704884
704885
704886
704887
704888
704889
704890
704891
704892
704893
704894
704895
704896
704897
704898
704899
704900
704901
704902
704906
704907
704908
704909
705146
705147
705148
705149
705154
705155
705320
705596
705609
705610
705611
705612
705638
705646
705647
705659
705661
705679
705722
705723
705763
705764
705793
705795
705797
705798
705799
705800
705814
705815
705821
705823
705828
705829
705830
710322
710323
710324
710325
710326
710327
710336
710351
710352
710366
710370
710371
710372
710373
710388
710486
710487
710525
710543
710607
710640
710641
710642
710643
710644
710645
710646
710647
710648
710649
710650
710651
710652
710653
710654
7131
7132
714952
71509
720507
720508
720509
720510
720511
720513
720515
720518
720593
720681
720682
720683
720684
720685
720696
720747
720748
720749
720750
720752
720753
720767
720768
720769
720770
720771
720772
720774
720775
720776
720777
720789
720790
720791
720792
720794
721037
722414
722415
722416
722417
722418
722419
722420
722421
722422
722423
722424
722425
722426
722427
722428
722429
722430
722431
722432
722433
722434
722435
722436
722437
722438
722439
722440
722441
722442
722443
722444
722445
722446
722508
722691
726545
732671
732672
732673
732674
732675
732676
732677
732678
732679
732680
732681
732682
732683
732684
732685
732686
732687
732688
732689
732690
732691
732692
732693
732694
732695
732696
732697
732698
732699
732700
732701
732702
732703
732704
732705
732706
732707
732708
732786
732787
732788
732789
732790
732791
732792
732793
732794
732795
732796
732797
732798
732799
732800
732801
732802
732803
732804
732823
732824
732825
732826
732827
732828
732829
732830
732831
732832
732833
732834
732835
732836
732837
733033
733446
736063
744673
744674
744675
744676
744678
744679
744680
744681
744682
744683
744684
744685
744686
744687
744688
744689
744690
744691
744692
744693
744694
744695
744696
744697
744698
744699
744700
744701
744702
744703
744704
744705
744706
744707
750230
750970
756403
756404
756405
756406
756407
756408
756409
756410
756411
756412
756413
756414
756415
756416
756417
756418
756419
756420
756421
756422
756423
756424
756425
756426
756427
756428
756429
756430
756431
756432
756433
756434
756435
756436
756771
75767
75768
75772
75780
75783
75784
75785
75786
75790
75796
75811
75818
75820
75822
75823
75824
75827
75829
75830
75831
75832
75833
75834
75835
75836
75837
75838
75839
75840
75841
75842
75843
75848
75849
75859
76050
7642
770932
776639
776640
776641
776642
776643
776644
776645
776646
776647
776648
776649
776650
776651
776652
776653
776654
776655
776656
776657
776658
776659
776660
776661
776662
776663
776664
776665
776666
776667
776668
776669
776670
776671
776672
776774
777481
780959
780960
780961
780962
780963
780964
780965
780966
780967
780968
780969
780970
780971
780972
780973
780974
780975
780976
780977
780978
780979
780980
780981
780982
780983
780984
780985
780986
780987
780988
780989
780990
780991
780998
781217
783701
783702
783703
783704
783705
783706
783707
783708
783709
783711
783713
783718
783719
783720
783721
783722
783723
783724
783725
783726
783727
783728
783729
783730
783731
783732
783733
783734
783735
783736
783737
783738
783739
783740
783763
783998
783999
784000
784003
784004
784005
784006
784007
784008
784009
784010
784011
784012
784013
784014
784015
784016
784017
784018
784019
784020
784021
784022
784023
784024
784025
784026
784027
784028
784029
784030
784031
784032
784033
784050
784787
784788
784789
784790
784791
784792
784793
784794
784795
784796
784797
784798
784799
784800
784801
784802
784803
784804
784805
784806
784807
784808
784810
784811
784812
784813
784814
784815
784816
784817
784818
784819
784820
784821
785841
786832
790172
790173
790174
790175
790176
790177
790178
790179
790180
790181
790182
790183
790184
790185
790186
790187
790188
790190
790191
790193
790194
790195
790196
790197
790198
790199
790200
790201
790202
790203
790204
790205
790206
790207
790208
790209
790210
790211
790212
790213
790214
790215
790216
790217
790218
790219
790220
790221
790222
790223
790224
790225
790319
790324
790325
790328
790329
790335
790336
790337
790338
790339
790341
790582
790598
790602
790603
790840
790984
792143
792144
792145
792146
792147
792148
792149
792150
792151
792152
792153
792154
792155
792156
792157
792158
792159
792160
792161
792162
792163
792164
792165
792166
792167
792168
792169
792170
792171
792172
792173
792174
792175
792202
792203
792204
792205
792206
792207
792208
792209
792210
792211
792212
792213
792214
792215
792216
792217
792218
792219
792220
792221
792222
792223
792224
792225
792226
792227
792228
792229
792230
792231
792232
792233
792234
792251
792252
792253
792254
792255
792256
792257
792258
792259
792260
792261
792262
792263
792264
792265
792266
792267
792268
792269
792270
792271
792272
792273
792274
792275
792276
792277
792278
792279
792280
792281
792282
792283
792290
792291
792292
792293
792294
792295
792296
792297
792298
792299
7923
792300
792301
792302
792303
792304
792305
792306
792307
792308
792309
792310
792311
792312
792313
792314
792315
792316
792317
792318
792319
792320
792321
792322
792393
792394
792395
792396
792397
792398
792399
7924
792400
792401
792402
792403
792404
792405
792406
792407
792408
792409
792410
792411
792412
792413
792414
792415
792416
792417
792418
792419
792420
792421
792422
792423
792424
792425
7925
792588
7926
792657
792658
792659
792660
792661
792662
792663
792664
792665
792666
792667
792668
792669
792670
792671
792672
792673
792674
792675
792676
792677
792678
792679
792680
792681
792682
792683
792684
792685
792686
792687
792688
792689
792690
7927
792776
792777
792778
792779
792780
792781
792782
792783
792784
792785
792786
792787
792788
792789
792790
792791
792792
792793
792794
792795
792796
792797
792798
792799
7928
792800
792801
792802
792803
792804
792805
792806
792807
792808
792867
7929
792924
7930
793704
793705
793706
793707
793708
793709
793710
793711
793712
793713
793714
793715
793716
793717
793718
793719
793720
793721
793722
793723
793724
793725
793726
793727
793728
793729
793730
793731
793732
793733
793734
793735
793736
793737
795755
795756
795757
795758
795759
795760
795761
795762
795763
795764
795765
795766
795767
795768
795769
795770
795771
795772
795773
795774
795775
795776
795777
795778
795779
795780
795781
795782
795783
795784
795785
795786
795787
795990
795991
795992
795993
795994
795995
795996
795997
795998
795999
796000
796001
796002
796003
796004
796005
796006
796007
796008
796009
796010
796011
796012
796013
796014
796015
796016
796017
796018
796019
796020
796021
796022
796024
796025
796026
796027
796028
796029
796030
796031
796032
796033
796034
796035
796036
796037
796038
796039
796040
796041
796042
796043
796044
796045
796046
796047
796048
796049
796050
796051
796052
796053
796054
796055
796056
796404
796405
796406
796407
796408
796409
796410
796411
796412
796413
796414
796415
796416
796417
796418
796419
796420
796421
796422
796423
796424
796425
796426
796427
796428
796429
796430
796431
796432
796433
796434
796435
796436
796494
796495
796496
796497
796498
796499
796500
796501
796502
796503
796504
796505
796506
796507
796508
796509
796510
796511
796512
796513
796514
796515
796516
796517
796518
796519
796520
796521
796522
796523
796524
796525
796526
796637
796638
796639
796640
796641
796642
796643
796644
796645
796646
796647
796648
796649
796650
796651
796652
796653
796654
796655
796656
796657
796658
796659
796660
796661
796662
796663
796664
796665
796666
796667
796668
796669
796689
796690
796691
796692
796693
796694
796695
796696
796697
796698
796699
796700
796701
796702
796703
796704
796705
796706
796707
796708
796709
796710
796711
796712
796713
796714
796715
796716
796717
796718
796719
796720
796721
796835
796836
796837
796838
796839
796840
796841
796842
796843
796844
796845
796846
796847
796848
796849
796850
796851
796852
796853
796854
796855
796856
796857
796858
796859
796860
796861
796862
796863
796864
796865
796866
796867
796934
796935
796936
796937
796938
796939
796940
796941
796942
796943
796944
796945
796946
796947
796948
796949
796950
796951
796952
796953
796954
796955
796956
796957
796958
796959
796960
796961
796962
796963
796964
796965
796966
797456
797876
8
8011
803952
803953
803954
803955
803956
803957
803958
803959
803960
803961
803962
803963
803964
803965
803966
803967
803968
803969
803970
803971
803972
803973
803974
803975
803982
803983
803984
803985
803986
803987
803988
803989
803990
803991
803992
804159
804160
804161
804162
804163
804164
804165
804166
804167
804168
804169
804170
804171
804172
804173
804174
804175
804176
804177
804178
804179
804180
804181
804182
804183
804184
804185
804186
804187
804188
804189
804190
804191
804192
804421
804422
804423
804424
804425
804426
804427
804428
804429
804430
804431
804432
804433
804434
804435
804436
804437
804438
804439
804440
804441
804442
804443
804444
804445
804446
804447
804448
804449
804450
804451
804452
804453
804535
804550
804775
804776
804777
804790
804792
804793
804794
804795
804796
804797
804798
804799
804800
804801
804802
804803
804804
804805
804806
804807
804808
804809
804810
804811
804812
804813
804814
804815
804816
804817
804818
804819
804820
804821
804822
804823
804824
804825
804873
804895
804896
804897
804898
804899
804900
804901
804960
804961
804962
804964
805086
805087
805088
805089
805090
805091
805102
805103
805104
805105
805113
805114
805115
805118
805121
805144
805147
805192
805287
805375
805376
805377
805378
805379
805380
805381
805398
805403
805404
805405
805406
805407
805457
805459
805460
805462
805463
805464
805465
805466
805618
805619
805620
805622
805623
805626
805631
805632
805634
805636
805637
805638
805639
805764
805765
805766
805767
805772
805775
805777
805778
805780
805781
805783
805785
805787
805789
805795
805844
805845
805863
805864
805869
805875
805876
805878
805881
805882
805883
805884
805885
805886
805887
805888
805889
805890
805891
805892
805893
808672
808673
808674
808675
808676
808677
808678
808679
808680
808681
808682
808683
808684
808685
808686
808687
808688
808689
808690
808691
808692
808693
808694
808695
808696
808697
808698
808699
808700
808701
808702
808703
808704
808796
809328
810747
810748
810749
810750
810751
810752
810753
810754
810755
810756
810757
810758
810759
810760
810761
810762
810763
810764
810765
810766
810767
810768
810769
810770
810771
810772
810773
810774
810775
810776
810777
810778
810779
810867
811029
811030
811031
811032
811033
811034
811035
811036
811037
811038
811039
811040
811041
811042
811043
811044
811045
811046
811047
811048
811049
811050
811051
811052
811053
811054
811055
811056
811057
811058
811059
811060
811061
811076
811518
819013
819014
819015
819016
819017
819018
819019
819020
819021
819022
819023
819024
819025
819026
819027
819028
819029
819030
819031
819032
819033
819034
819035
819036
819037
819038
819039
819040
819041
819042
819043
819044
819045
819195
8221
8222
822961
827507
832014
832015
832016
832017
832018
832019
832020
832021
832022
832023
832024
832025
832026
832027
832028
832029
832030
832031
832032
832033
832034
832035
832036
832037
832038
832039
832040
832041
832042
832043
832044
832045
832046
832918
833322
833752
843447
843448
843449
843450
843451
843452
843453
843454
843455
843456
843457
843458
843459
843460
843461
843462
843463
843464
843465
843466
843467
843468
843469
843470
843471
843472
843473
843474
843475
843476
843477
843478
843479
843508
843509
843510
843511
843512
843513
843514
843515
843516
843517
843518
843519
843520
843521
843522
843523
843524
843525
843526
843527
843528
843529
843530
843531
843532
843533
843534
843535
843536
843537
843538
843539
843540
843616
844105
845564
853449
853450
853451
853452
853453
853454
853455
853456
853457
853458
853459
853460
853461
853462
853463
853464
853465
853466
853467
853468
853469
853470
853471
853472
853473
853474
853475
853476
853477
853478
853479
853480
853481
853516
854983
854984
854985
854986
854987
854988
854989
854990
854991
854992
854993
854994
854995
854996
854997
854998
854999
855000
855001
855002
855003
855004
855005
855006
855007
855008
855009
855010
855011
855012
855013
855014
855015
855071
855072
855073
855074
855075
855076
855077
855078
855079
855080
855081
855082
855083
855084
855085
855086
855087
855088
855089
855090
855091
855092
855093
855094
855095
855096
855097
855098
855099
855100
855101
855102
855103
855577
855696
8561
856327
861373
861374
861375
861376
861377
861378
861379
861380
861381
861382
861383
861384
861385
861386
861387
861388
861389
861390
861391
861392
861393
861394
861395
861396
861397
861398
861399
861400
861401
861402
861403
861404
861405
861491
861556
861557
861558
861559
861560
861561
861562
861563
861564
861565
861566
861567
861568
861569
861570
861571
861572
861573
861574
861575
861576
861577
861578
861579
861580
861581
861582
861583
861584
861585
861590
861591
861592
861593
862005
862652
862817
862818
862819
862820
862821
862822
862823
862824
862825
862826
862827
862828
862829
862830
862831
862832
862833
862834
862835
862836
862837
862838
862839
862840
862841
862842
862843
862844
862845
862846
862847
862848
862849
862850
863081
863632
872315
872316
872317
872318
872319
872320
872321
872322
872323
872324
872325
872326
872327
872328
872329
872330
872331
872332
872333
872334
872335
872336
872337
872338
872339
872340
872341
872342
872343
872344
872345
872346
872347
872692
872850
874558
87460
87461
87462
87463
87464
87465
87466
87467
87468
87469
87470
87471
87472
87473
87474
87475
87476
87477
87478
87479
87480
87481
87482
87483
87484
87485
87486
87487
87488
87489
87490
87491
87492
87555
87556
87557
87558
87559
87560
87561
87562
87563
87564
87565
87566
87567
87568
87569
87570
87571
87572
87573
87574
87575
87576
87577
87578
87579
87580
87581
87582
87583
87584
87585
87586
87587
87707
87789
880505
880506
880507
880508
880509
880510
880511
880513
880515
880516
880517
880518
880519
880521
880522
880523
880524
880525
880526
880527
880528
880529
880530
880531
880532
880533
880534
880535
880536
880537
880538
880539
880540
880541
880579
880602
880603
880604
880605
880606
880607
880608
880609
880610
880611
880612
880613
880614
880615
880616
880617
880618
880619
880620
880621
880622
880623
880624
880625
880626
880627
880628
880629
880630
880669
880670
880671
880672
880673
880674
880675
880676
880677
880678
880679
880680
880681
880682
880683
880684
880685
880686
880687
880688
880689
880690
880691
880692
880693
880694
880695
880696
880697
880698
880699
880700
880701
880823
880850
880863
880864
880865
880866
882650
882651
882652
882653
882654
882655
882656
882657
882658
882659
882660
882661
882662
882663
882664
882665
882666
882667
882668
882669
882670
882671
882672
882673
882674
882675
882676
882677
882689
882690
882691
882692
882693
882694
882948
883841
88479
885315
885316
885317
885318
885319
885320
885321
885322
885323
885324
885325
885326
885327
885328
885329
885330
885331
885332
885333
885334
885335
885336
885337
885338
885339
885340
885341
885342
885343
885344
885345
885346
885347
885348
885360
885740
886041
886042
886043
886044
886045
886046
886047
886048
886049
886050
886051
886052
886053
886054
886055
886056
886057
886058
886059
886060
886061
886062
886063
886064
886065
886067
886068
886069
886070
886071
886072
886073
886074
886075
886076
888675
88917
88918
88919
88920
88921
88922
88923
88924
88925
88926
88927
88928
88929
88930
88931
88932
88933
88934
88935
88936
88937
88938
88939
88940
88941
88942
88943
88944
88945
88946
88947
88948
88949
88950
89064
89226
89475
89476
89477
89478
89479
89480
89481
89482
89483
89484
89485
89486
89487
89488
89489
89490
89491
89492
89493
89494
89495
89496
89497
89498
89499
89500
89501
89502
89503
89504
89505
89506
89507
89543
9
90230
90600
912738
912739
912741
912742
912743
912744
912745
912746
912747
912748
912749
912750
912751
912752
912753
912754
912755
912756
912757
912759
912760
912761
912763
912764
912766
912771
912772
912773
912774
912775
912777
912778
912779
912781
912782
912783
912784
912785
912786
912787
912789
912790
914012
918275
918276
918277
918278
918279
918280
918281
918282
918283
918284
918285
918286
918287
918288
918289
918290
918291
918292
918293
918294
918295
918296
918297
918298
918299
918300
918301
918302
918303
918304
918305
918306
918307
918427
918428
918429
918430
918431
918432
918433
918434
918435
918436
918437
918438
918439
918440
918441
918442
918443
918444
918445
918446
918447
918448
918449
918450
918451
918452
918453
918454
918455
918456
918457
918458
918459
918523
918582
918994
919714
919715
919716
919717
919718
919719
919720
919721
919722
919723
919724
919725
919726
919727
919728
919729
919730
919731
919732
919733
919734
919735
919736
919737
919738
919739
919740
919741
919742
919743
919744
919745
919746
919747
919912
920124
927191
927192
927193
927194
927195
927196
927197
927198
927199
927200
927201
927202
927203
927204
927205
927206
927207
927208
927209
927210
927211
927212
927213
927214
927215
927216
927217
927218
927219
927220
927221
927222
927223
927224
927225
927227
927331
928125
928126
928127
928128
928129
928130
928131
928132
928133
928134
928135
928136
928137
928138
928139
928140
928141
928142
928143
928144
928145
928146
928147
928148
928149
928150
928151
928152
928153
928154
928155
928156
928157
928158
928233
928234
928235
928236
928237
928238
928239
928240
928241
928242
928243
928244
928245
928246
928247
928248
928249
928250
928254
928256
928258
928259
928260
928261
928262
928263
928264
928265
928266
928267
928268
928269
928270
928271
928272
928353
928354
928355
928356
928357
928358
928359
928360
928361
928362
928363
928364
928365
928366
928367
928368
928369
928370
928371
928375
928376
928377
928378
928379
928380
928381
928382
928383
928384
928385
928386
928387
928388
928389
928427
928428
928429
928430
928431
928432
928433
928434
928435
928436
928437
928438
928439
928440
928441
928442
928443
928444
928445
928446
928447
928448
928449
928450
928451
928452
928453
928454
928455
928456
928457
928458
928459
928460
928461
928462
928463
928464
928465
928466
928467
928468
928469
928470
928471
928472
928473
928474
928475
928476
928477
928478
928479
928480
928481
928482
928483
928484
928485
928486
928487
928488
928489
928490
928491
928492
928493
928494
928495
928496
928497
928498
928499
928500
928501
928502
928503
928504
928505
928506
928507
928508
928516
928517
928518
928519
928520
928521
928522
928523
928524
928525
928526
928527
928528
928529
928530
928531
928532
928533
928534
928535
928536
928537
928538
928539
928540
928541
928542
928543
928544
928545
928546
928547
928548
928549
928550
928551
928552
928553
928554
928555
928556
928557
928558
928559
928560
928561
928562
928563
928564
928565
928566
928617
928638
928639
928640
928641
928642
928643
928644
928645
928646
928647
928648
928649
928650
928651
928652
928653
928654
928655
928656
928657
928658
928659
928660
928661
928662
928663
928664
928665
928666
928667
928668
928669
928670
928792
928793
928903
931078
931079
931080
931081
931082
931083
931084
931085
931086
931087
931088
931089
931090
931091
931092
931093
931094
931095
931096
931097
931098
931099
931100
931101
931102
931103
931104
931105
931106
931107
931108
931109
931110
931405
931480
938945
956430
956431
956432
956433
956434
956680
956681
956682
956683
956684
956685
956686
956687
956713
956714
956715
956716
956717
956718
956719
956720
956721
956722
956723
956724
956725
956726
956727
956728
956729
956730
956731
956732
956733
956734
957223
957224
957225
957226
957227
957228
957229
957230
957231
957232
957233
957234
957235
957236
957237
957238
957239
957240
957241
957242
957243
957244
957245
957246
957247
957248
957249
957250
957251
957252
957253
957254
957255
957256
957257
957511
957512
957513
957626
957630
957640
957641
957642
957658
957703
957714
957784
957928
957929
957930
957931
957988
957990
957999
958000
958018
958039
958057
958062
958065
958066
958067
958068
958069
958072
958073
958074
958156
963125
963126
963127
963128
963129
963130
963131
963132
963133
963134
963135
963136
963137
963138
963139
963140
963141
963142
963143
963144
963145
963146
963147
963148
963149
963150
963151
963152
963153
963154
963155
963156
963157
963182
963236
963966
9685
97278
97279
97280
97281
97282
97283
97284
97285
97286
97287
97288
97289
97290
97291
97292
97293
97294
97295
97296
97297
97298
97299
97300
973000
973001
973002
973003
973004
97301
97302
97303
97304
97305
97306
97307
97308
97309
97310
973634
973643
973644
973645
973651
973652
973661
973666
973769
973770
97378
973781
973782
973785
973786
973787
973788
973792
973793
973847
973848
973849
973852
973865
973878
973885
973951
973953
973954
973959
973960
974973
97553
97554
97555
97556
97557
97558
97559
97560
97561
97562
97563
97564
97565
97566
97567
97568
97569
97570
97571
97572
97573
97574
97575
97576
97577
97578
97579
97580
97581
97582
97583
97584
97585
97591
97592
97593
97594
97595
97596
97597
97598
97599
97600
97601
97621
97622
97623
97624
97625
97626
97627
97628
97629
97630
97631
97632
97633
97634
97635
97636
97637
97638
97639
97640
97641
97642
97643
97644
97645
97646
97647
97648
97649
97650
97651
97652
97653
97654
97655
97656
97657
97658
97659
97660
97661
97662
97663
97664
97665
97666
97667
97668
97669
97670
97671
97672
97673
97679
97704
97705
97706
97707
97708
97709
97710
97711
97712
97713
97714
97715
97716
97717
97718
97719
97720
97721
97722
97723
97724
97725
97726
97727
97728
97729
97730
97731
97732
97733
97734
97735
97736
97912
981038
981039
981040
981041
981042
981043
981044
981045
981046
981047
981048
981049
981050
981051
981052
981053
981054
981055
981056
981057
981058
981059
981060
981061
981062
981063
981064
981065
981066
981067
981068
981069
981070
981259
981343
982591
986554
986555
986556
986557
986558
986559
986560
986561
986562
986563
986564
986565
986566
986567
986568
986569
986570
986571
986572
986573
986574
986575
986576
986577
986578
986579
986580
986581
986582
986583
986584
986585
986586
986612
986641
986676
991417
991418
991419
991420
991421
991422
991423
991424
991425
991426
991427
991428
991429
991430
991431
991432
991433
991434
991435
991436
991437
991438
991439
991440
991441
991442
991443
991444
991445
991446
991447
991448
991449
991535
991609
991610
992629
992630
992631
992632
992633
992634
992635
992636
992637
992638
992639
992640
992641
992642
992643
992644
992645
992646
992647
992648
992649
992650
992651
992652
992653
992654
992655
992656
992657
992658
992659
992660
992661
992880
992881
992882
992883
992884
992885
992886
992887
992888
992889
992890
992891
992892
992893
992894
992895
992896
992897
992898
992899
992900
992901
992902
992903
992904
992905
992906
992907
992908
992909
992910
992911
992912
992946
993796
993797
993798
993799
993800
993801
993802
993803
993804
993805
993806
993807
993808
993809
993810
993811
993812
993813
993814
993815
993816
993817
993818
993819
993820
993821
993822
993823
993824
993825
993826
993827
993828
993911
994160
994161
994162
994163
994164
994165
994166
994167
994168
994169
994170
994171
994172
994173
994174
994175
994176
994177
994178
994179
994180
994181
994182
994183
994184
994185
994186
994187
994188
994189
994190
994191
994192
994193
994194
994195
994196
994203
994207
994209
994219
994225
994228
994232
994236
994238
994248
994250
994253
994255
994258
994266
994269
994295
994296
994301
994311
994319
994327
994335
994346
994360
994376
994409
994412
994414
994417
994541
994542
994543
994544
994545
994546
994547
994548
994549
994550
994551
994552
994553
994554
994555
994556
994557
994558
994559
994560
994561
994562
994563
994564
994565
994566
994567
994568
994569
994570
994571
994572
994573
994908
994909
994910
994911
994912
994913
994914
994915
994916
994917
994918
994919
994920
994921
994922
994923
994924
994925
994926
994927
994928
994929
994930
994931
994932
994933
994934
994935
994936
994937
994938
994939
994940
99543
995599
995637
995830
9978
9979
9997
9998
TERM:type:xhtml+xml docs:
