
100260
100276
100288
100289
100291
1003454
100347
1008918
1020008
1020023
1020163
1020316
1021208
1025584
1031058
1036705
1044945
104497
104498
1047847
1047977
1053914
1053986
1053997
1056803
1056879
1056882
1056946
1056952
1056954
1056956
1056962
1056967
1056972
1056979
1056982
1056984
1056987
1056993
1057114
1058505
1058506
1060502
1060510
1060604
1060607
1060610
1060683
1060777
1060857
1060920
1060969
1060992
1061018
1061048
1061089
1061120
1061464
106590
1066613
1066626
1066662
1066677
1069364
1075600
1081977
1084827
1086805
1093665
1095996
1099190
1099205
1099218
1099219
1099223
1099239
1099246
1099298
1099364
1106220
1106222
1107793
1108611
1108615
1108621
1108643
1112048
1112079
1112080
1112081
1112099
1112100
1112101
1112119
1115279
1119121
1119198
1119215
1119549
1119774
1119869
1119881
1120066
1120103
1120128
1120360
1120395
1121167
1124295
1126122
1126703
1128848
1135811
1135812
1135814
1136057
1136059
1136067
1136125
1137662
1138112
1138511
1139589
1143070
1143630
1148039
1148109
1148117
1148119
1148129
1148130
1148137
1148138
1148139
1148140
1148141
1148142
1148143
1148144
1148145
1148184
1148215
1148216
1148380
1148911
1148945
1151321
115203
1155170
1157834
1161120
1166747
1166748
1168972
1169209
1169297
1169349
1170024
1170060
1170061
1170062
1170063
1171530
1178301
1183884
1185910
1186080
1191973
1191974
1191983
1191993
1192002
1196148
1196152
1196178
1196195
1196196
1196197
1196198
1196199
1196200
1196201
1196202
1196203
1196204
1196205
1196206
1196207
1196208
1196209
1197762
1199347
1199808
1200007
1200067
1200221
1201776
1201793
1201796
1201799
1201812
1201814
1201817
1205545
1205552
1205559
1205560
1205561
1205567
1205611
1205614
1205616
1206133
1207401
1207402
1207404
1207406
1207517
1207560
1207605
1207625
1207629
1207630
1207631
1207633
1207634
1207635
1207637
1207638
1207639
1207640
1207641
1207642
1207643
1207645
1207648
1207659
1207664
1207665
1207666
1207669
1207670
1207672
1207673
1207675
1207676
1207681
1207682
1207683
1207684
1207685
1207690
1207694
1207696
1207697
1207698
1207701
1207702
1207707
1207709
1207712
1207715
1207718
1207720
1207726
1207727
1207733
1207734
1207735
1207739
1207742
1207743
1207744
1207746
1207826
1207989
1207991
1207992
1208052
1208053
1208054
1208097
1208115
1208117
1208270
1208273
1208283
1208284
1208307
1208314
1211207
1211235
1211249
1211361
1211379
1211389
1211432
1211500
1211746
1211747
1211767
1211797
1212284
1212762
12178
1218356
1218953
1219033
1219043
1219321
1219322
1219324
1219336
1219337
1219360
1219364
1219377
1219494
1219496
12195
1219552
1219564
1219586
1219613
1219686
1219688
1219690
1219732
1219797
1219854
1219981
1219982
1220011
1220036
1220072
1220100
1220101
1220104
1220107
1220109
1220114
1220115
1220138
1220164
1220202
1220597
1220603
1220626
1220631
1220745
1221973
1222332
1222579
1222586
1222811
1223276
1223411
1223471
1223815
1223885
1225408
1225703
1225857
1225895
1226157
1226196
1226209
1231959
1232009
1233105
1234348
1234350
1234351
1234355
1234451
1235023
1235418
1235427
1240070
1243078
126109
128641
131881
131969
141905
141936
141968
141983
141984
141987
141989
144539
155177
155185
155448
155533
155599
155601
155605
155632
155651
160166
160393
160394
160395
160396
160397
160785
161112
161131
161226
161240
161332
161479
161486
161579
161847
161983
161992
162003
162013
162070
162120
162147
162156
162162
162163
162164
162165
162302
162382
162648
162686
162782
162897
163032
163133
163134
163142
163149
163150
163152
163271
163370
163458
163482
163505
167553
167556
167567
167686
167688
167692
167695
167698
16915
172346
172602
172851
17379
180590
189256
189311
189422
189538
189703
189863
190355
195026
196031
196055
19950
20077
20078
20079
20080
20081
20082
20083
20084
20085
20086
20087
20088
20089
20090
20091
20092
20093
20094
20095
20096
20097
20098
20100
20101
204653
205732
205978
214625
21671
217197
222117
222240
223185
22562
226093
226100
226118
226203
226204
226205
226215
226231
226261
226275
226284
226327
226417
227366
227657
227690
227766
229823
229860
229889
229909
229924
229932
229950
229964
230009
230032
230056
230103
230111
230131
230167
230252
230299
230349
230394
230405
230738
235884
236641
238530
23967
24060
244715
244880
247606
247627
25759
25779
25831
265449
268393
268402
268408
268409
268411
268415
268421
268423
268424
268425
268437
268440
268499
268563
27565
277774
277815
277833
281233
281236
281286
281291
281308
284632
284735
288273
288340
288567
288884
289097
289120
289124
289150
289214
289453
289593
289786
290359
298639
302267
304014
304702
305176
305212
305216
306888
308440
30889
31215
312193
31244
312505
312506
312728
315535
315699
317193
317234
317243
317245
317269
317270
317271
317272
317273
317311
317312
317313
317316
317472
318007
318021
318022
319349
325213
335453
33682
33683
33690
339065
340060
340950
344767
347528
349052
353048
354663
355320
357413
361398
361399
361400
361411
361418
361425
364473
365600
365608
365645
365646
365647
365648
365649
365650
365651
365652
365653
365654
365655
365656
365657
365658
365659
365660
367166
367167
368426
369162
369380
369381
369382
369383
369385
369614
371154
371157
371169
371191
371192
371196
371199
371202
371212
371213
371214
371216
371226
371230
371231
374912
374913
374914
374919
375036
375041
375042
376730
376733
376734
376943
376944
376947
376949
376950
376951
376952
376953
376954
376956
376957
376959
376962
376976
376979
376980
376981
376982
376983
376986
376987
376988
376989
376990
376995
377004
377007
377017
377018
377019
377023
377024
377025
377026
377027
377028
377033
377037
377038
377040
377042
377043
377045
377046
377048
377051
377128
377304
377377
377439
377441
377443
377586
377587
377593
377595
377596
377598
380389
380433
380487
380534
380602
380613
380649
380927
381134
381790
381920
38240
386873
388311
388312
388361
388365
388378
388630
388634
388636
388656
388658
388662
388663
388671
388828
388985
389012
389060
389066
389082
389106
389149
389254
389255
389277
389278
389279
389298
389313
389316
389363
389376
389380
389381
389383
389385
389391
389397
389400
389409
389416
389418
389449
389473
389476
389852
389864
389865
389889
390002
390415
391338
391926
391929
391938
391956
391967
391968
391971
392030
392034
392581
392598
392661
392783
393120
393235
393262
393280
394461
394688
394714
394742
394761
394778
394795
394846
395160
395167
395176
395203
395206
395337
395393
395556
395558
395560
395561
395822
397476
397767
400717
401230
403566
403568
403573
403576
412240
41385
418905
419313
420510
427811
427857
427957
428282
428293
428471
428492
430251
432885
435691
435692
435693
435694
435695
435696
435697
435698
435699
437269
438082
438084
439503
439566
439642
439643
439696
441314
441384
443208
443221
446756
446770
446788
447407
449010
449176
449183
449401
449714
449751
449780
45483
459102
459103
460776
464331
464362
464940
464943
464944
464947
464961
464966
464972
464973
465014
465015
465016
465029
465040
465105
465404
467226
469661
469673
469674
469678
469679
469680
469681
469682
469683
469711
469737
469739
470340
470343
475226
475518
475519
476908
477509
482853
482875
482936
482938
482993
483093
492645
49312
49656
49672
49674
49698
49700
49701
49705
497245
49751
49754
49755
49756
49757
49758
49759
49763
49764
497715
49775
49778
49836
49848
49852
501300
501642
503028
503029
50305
503294
503299
503300
503302
503303
503309
503311
503312
503314
503317
503319
503945
50446
50461
505466
509178
509225
509406
509407
513351
513429
513436
513437
513438
513439
513440
513441
513470
513505
513555
516143
516148
516152
516155
516156
516218
516232
520360
520371
520372
525474
531115
531118
531184
531186
54444
54445
54446
54447
54448
54478
547795
547836
547837
548149
55105
55108
551254
55163
557802
557810
557872
571589
576366
576367
577665
577814
577933
577934
578079
578086
578087
578088
578089
578095
578165
578194
578864
578870
578879
578909
578919
578920
578997
579014
579030
579037
579253
579316
579357
579358
579390
579780
579815
579816
580857
580858
583302
583328
583382
583503
583504
583749
588176
590053
604610
604620
604665
605229
605288
60756
608319
611558
615470
616870
619918
620962
621110
62222
62223
62224
622886
627809
628655
631397
632302
632430
637040
637342
637621
638452
638479
638558
641401
641410
641419
641420
641440
641598
641643
641696
642528
642529
642687
642691
642708
644913
644935
644958
644973
645005
645039
645052
645092
645108
645170
645183
645205
645257
645263
645307
645314
645319
645345
645358
645364
645367
645370
645372
645374
645385
645397
645428
645442
645445
645487
645517
645546
645904
645910
645919
646146
651065
651066
651067
651073
651091
651098
651101
653802
653851
654867
657726
660161
660164
660169
662070
671411
67529
67533
67559
67597
67603
67719
67723
67750
683929
683937
683940
683955
683956
683957
683966
683969
683996
687296
692665
693356
693357
693360
693364
693369
693370
693391
693392
693398
693461
693566
693643
696786
696790
696812
697485
69799
700189
700198
700645
703242
703278
703927
703969
703986
704413
704566
704589
704591
704641
704842
704848
704873
704883
705146
705148
709716
710322
711370
717552
718454
719582
720507
720768
720773
720819
720824
722405
722414
722789
722794
722798
727156
727610
727617
727952
727954
728351
731100
732671
732786
732787
732788
732789
732790
732825
732828
732829
732843
733558
733575
733588
733893
744673
750655
750866
751474
756402
756403
75767
770748
771018
771020
771021
776597
776598
776599
776600
776635
776639
780959
780960
780961
780962
780963
780964
780965
780966
780967
780968
780969
780970
780971
783701
783988
783998
784430
784639
784640
784641
784787
784840
78486
785209
786445
786480
786481
786486
786487
786489
786493
786494
786510
790154
790155
790172
790173
790174
790175
790194
790199
790220
790223
790225
790241
791948
792
792143
792202
792208
792209
792210
792211
792212
792213
792217
792219
792230
792235
792236
792237
792241
792245
792246
792248
792251
792259
792265
792266
792267
792268
792272
792277
792282
792290
792293
792299
792302
792303
792306
792393
792402
792532
792652
792655
792657
792658
792659
792661
792703
792776
792852
792853
792858
792894
793704
795755
795773
795990
796000
796024
796404
796411
796419
796494
796637
796689
796700
796835
796865
796934
802186
803616
803673
803952
803954
803956
803962
803966
803970
803974
804156
804157
804158
804159
804162
804163
804168
804169
804196
804204
804227
804358
804369
804402
804421
804433
804434
804466
804494
804532
804622
804675
804709
804713
804716
804735
804772
804775
804787
804790
804791
804792
804793
804796
804797
804804
804806
804843
805197
805212
805217
805269
805375
805764
806760
807339
807342
807400
807401
807522
807831
808082
808144
808147
808171
808187
808197
808220
808227
808229
808646
808672
808683
808736
808737
808746
808790
810196
810227
810261
810674
810719
810747
810748
810895
811028
811029
811030
811069
813539
816724
819000
819013
819019
819023
819159
819166
819167
819463
819661
819689
819907
820278
832014
833048
834232
843447
843508
843510
843530
843654
844007
844009
848631
851257
851258
851259
851260
851261
851262
851263
851264
851265
851266
851267
851268
851269
851270
851271
851272
851273
851274
851275
851276
851277
851278
853449
854983
855071
855097
855112
855113
855114
855517
855525
855626
855653
85578
858720
858727
85923
861373
861556
861970
862304
862322
862817
863004
864594
864751
864789
864964
872315
873103
87324
87326
874188
87460
87475
87492
87493
87555
87599
87600
87601
87622
87630
876367
880505
880525
880526
880529
880530
880542
880554
880598
880602
880604
880607
880615
880616
880617
880621
880623
880624
880629
880669
880676
881336
882650
885315
885316
885317
885318
885319
885339
885957
885958
886041
886081
886083
886084
888032
88882
88917
891057
89475
898415
898425
898434
898604
898609
900001
902799
906668
907988
909466
912738
912849
916358
916477
917534
918146
918149
918151
918275
918411
918413
918414
918415
918417
918418
918419
918420
918423
918427
918429
918432
918434
918441
919714
920626
927191
928125
928126
928194
928206
928233
928353
928427
928438
928455
928456
928457
928458
928459
928460
928461
928462
928516
928517
928518
928525
928544
928545
928638
931078
931103
931105
931107
93385
93545
93564
956430
957223
957242
959796
962588
963115
963125
963150
966436
97278
972934
972995
973000
973002
973003
97353
97553
97562
97563
97564
97565
97566
97622
97646
97704
97710
981038
986339
986460
986462
986554
988724
988810
991417
991418
991998
991999
992140
992229
992552
992574
992629
992638
992808
992880
992896
992951
992958
992977
992979
993144
993145
993149
993200
993219
993275
993379
993414
993680
993796
994033
994035
994076
994104
994140
994152
994160
994165
994166
994167
994168
994295
994417
994448
994541
994557
994828
994906
994908
994923
994930
995752
998471
998480
998581
998689
